CG
13
0, 12, 4, 1
0, 12, 5, 1
0, 12, 6, 1
0, 12, 7, 1
0, 12, 8, 1
0, 12, 9, 1
0, 12, 1, 20
0, 12, -1, 3
0, 12, -1, 3
0, 12, -1, 3
0, 12, 3, 3
0, 12, -1, 3
0, 12, -1, 3
0, 12, 12, 3
0, 12, -1, 3
0, 12, 11, 3
0, 12, -1, 3
0, 12, 10, 6
0, 12, -1, 4
0, 12, -1, 4
0, 12, -1, 4
0, 12, 2, 4
1, 1, -1, 4
1, 1, -1, 4
1, 1, -1, 4
1, 1, 2, 4
2, 1, 3, 3
4, 1, -1, 3
4, 1, 10, 1
5, 1, -1, 3
5, 1, 10, 1
6, 2, 12, 3
6, 2, 10, 1
7, 1, -1, 3
7, 1, 10, 1
8, 2, 11, 3
8, 2, 10, 1
9, 1, -1, 3
9, 1, 10, 1
10, 6, 4, 1
10, 6, 5, 1
10, 6, 6, 1
10, 6, 7, 1
10, 6, 8, 1
10, 6, 9, 1
DTG
0, 1, 0, 3, 1
0, 2, 1, 2, 1
0, 2, 1, 3, 1
0, 1, 2, 1, 1
0, 2, 3, 0, 1
0, 2, 3, 1, 1
1, 4, 0, 1, 2
1, 4, 0, 1, 2
1, 4, 0, 1, 2
1, 4, 0, 1, 2
1, 4, 1, 0, 2
1, 4, 1, 0, 2
1, 4, 1, 0, 2
1, 4, 1, 0, 2
2, 4, 1, 0, 3
2, 4, 1, 0, 3
2, 4, 1, 0, 3
2, 4, 1, 0, 3
3, 3, 1, 0, 3
3, 3, 1, 0, 3
3, 3, 1, 0, 3
4, 1, 0, 1, 3
5, 1, 0, 1, 3
6, 1, 0, 1, 3
7, 1, 0, 1, 3
8, 1, 0, 1, 3
9, 1, 0, 1, 3
10, 6, 0, 1, 3
10, 6, 0, 1, 3
10, 6, 0, 1, 3
10, 6, 0, 1, 3
10, 6, 0, 1, 3
10, 6, 0, 1, 3
10, 1, 1, 0, 1
11, 3, 1, 0, 3
11, 3, 1, 0, 3
11, 3, 1, 0, 3
12, 3, 1, 0, 3
12, 3, 1, 0, 3
12, 3, 1, 0, 3
Goal
3
11
12
