CG
16
0, 3, 2, 24
0, 3, 3, 20
0, 3, 1, 32
1, 3, 2, 26
1, 3, 3, 21
1, 3, 0, 16
2, 2, 0, 8
2, 2, 1, 12
3, 3, 2, 16
3, 3, 0, 8
3, 3, 1, 12
4, 3, 7, 24
4, 3, 5, 20
4, 3, 6, 32
5, 3, 7, 16
5, 3, 4, 8
5, 3, 6, 12
6, 3, 7, 26
6, 3, 5, 21
6, 3, 4, 16
7, 2, 4, 8
7, 2, 6, 12
8, 6, 11, 2
8, 6, -1, 2
8, 6, 14, 2
8, 6, 9, 2
8, 6, 12, 2
8, 6, 13, 2
8, 6, 15, 2
9, 1, 8, 1
10, 3, 14, 20
10, 3, 12, 12
10, 3, 13, 15
11, 4, 14, 30
11, 4, 10, 25
11, 4, 12, 24
11, 4, 13, 40
12, 3, 14, 28
12, 3, 10, 24
12, 3, 13, 38
13, 5, 11, 2
13, 5, -1, 2
13, 5, 14, 32
13, 5, 10, 25
13, 5, 12, 26
13, 5, 15, 2
14, 2, 12, 12
14, 2, 13, 15
DTG
0, 8, 0, 1, 3
0, 8, 0, 1, 3
0, 8, 0, 1, 3
0, 8, 0, 1, 3
0, 8, 0, 1, 3
0, 8, 0, 1, 3
0, 8, 0, 1, 3
0, 8, 0, 1, 3
0, 8, 1, 0, 3
0, 8, 1, 0, 3
0, 8, 1, 0, 3
0, 8, 1, 0, 3
0, 8, 1, 0, 3
0, 8, 1, 0, 3
0, 8, 1, 0, 3
0, 8, 1, 0, 3
1, 4, 0, 2, 3
1, 4, 0, 2, 3
1, 4, 0, 2, 3
1, 4, 0, 2, 3
1, 4, 1, 2, 3
1, 4, 1, 2, 3
1, 4, 1, 2, 3
1, 4, 1, 2, 3
1, 3, 2, 1, 1
1, 3, 2, 3, 2
1, 3, 2, 3, 2
1, 8, 3, 0, 3
1, 8, 3, 0, 3
1, 8, 3, 0, 3
1, 8, 3, 0, 3
1, 8, 3, 2, 3
1, 8, 3, 2, 3
1, 8, 3, 2, 3
1, 8, 3, 2, 3
2, 3, 0, 1, 2
2, 3, 0, 1, 3
2, 3, 0, 1, 3
2, 9, 1, 0, 2
2, 9, 1, 0, 3
2, 9, 1, 0, 3
2, 9, 1, 0, 4
2, 9, 1, 0, 4
2, 9, 1, 0, 4
2, 9, 1, 0, 4
2, 9, 1, 0, 4
2, 9, 1, 0, 4
3, 8, 0, 1, 3
3, 8, 0, 1, 3
3, 8, 0, 1, 3
3, 8, 0, 1, 3
3, 8, 0, 1, 3
3, 8, 0, 1, 3
3, 8, 0, 1, 3
3, 8, 0, 1, 3
3, 3, 1, 0, 2
3, 3, 1, 0, 3
3, 3, 1, 0, 3
4, 8, 0, 1, 3
4, 8, 0, 1, 3
4, 8, 0, 1, 3
4, 8, 0, 1, 3
4, 8, 0, 1, 3
4, 8, 0, 1, 3
4, 8, 0, 1, 3
4, 8, 0, 1, 3
4, 8, 1, 0, 3
4, 8, 1, 0, 3
4, 8, 1, 0, 3
4, 8, 1, 0, 3
4, 8, 1, 0, 3
4, 8, 1, 0, 3
4, 8, 1, 0, 3
4, 8, 1, 0, 3
5, 8, 0, 1, 3
5, 8, 0, 1, 3
5, 8, 0, 1, 3
5, 8, 0, 1, 3
5, 8, 0, 1, 3
5, 8, 0, 1, 3
5, 8, 0, 1, 3
5, 8, 0, 1, 3
5, 3, 1, 0, 2
5, 3, 1, 0, 3
5, 3, 1, 0, 3
6, 4, 0, 2, 3
6, 4, 0, 2, 3
6, 4, 0, 2, 3
6, 4, 0, 2, 3
6, 4, 1, 2, 3
6, 4, 1, 2, 3
6, 4, 1, 2, 3
6, 4, 1, 2, 3
6, 3, 2, 1, 1
6, 3, 2, 3, 2
6, 3, 2, 3, 2
6, 8, 3, 0, 3
6, 8, 3, 0, 3
6, 8, 3, 0, 3
6, 8, 3, 0, 3
6, 8, 3, 2, 3
6, 8, 3, 2, 3
6, 8, 3, 2, 3
6, 8, 3, 2, 3
7, 3, 0, 1, 2
7, 3, 0, 1, 3
7, 3, 0, 1, 3
7, 9, 1, 0, 2
7, 9, 1, 0, 3
7, 9, 1, 0, 3
7, 9, 1, 0, 4
7, 9, 1, 0, 4
7, 9, 1, 0, 4
7, 9, 1, 0, 4
7, 9, 1, 0, 4
7, 9, 1, 0, 4
8, 1, 0, 1, 2
8, 1, 1, 0, 1
9, 1, 0, 1, 2
9, 1, 1, 0, 2
10, 12, 0, 1, 4
10, 12, 0, 1, 4
10, 12, 0, 1, 4
10, 12, 0, 1, 4
10, 12, 0, 1, 4
10, 12, 0, 1, 4
10, 12, 0, 1, 4
10, 12, 0, 1, 4
10, 12, 0, 1, 4
10, 12, 0, 1, 4
10, 12, 0, 1, 4
10, 12, 0, 1, 4
10, 3, 1, 0, 3
10, 3, 1, 0, 4
10, 3, 1, 0, 4
11, 2, 1, 0, 3
11, 2, 1, 0, 3
12, 8, 0, 1, 4
12, 8, 0, 1, 4
12, 8, 0, 1, 4
12, 8, 0, 1, 4
12, 8, 0, 1, 4
12, 8, 0, 1, 4
12, 8, 0, 1, 4
12, 8, 0, 1, 4
12, 10, 1, 0, 3
12, 10, 1, 0, 3
12, 10, 1, 2, 4
12, 10, 1, 2, 4
12, 10, 1, 2, 4
12, 10, 1, 2, 4
12, 10, 1, 2, 4
12, 10, 1, 2, 4
12, 10, 1, 2, 4
12, 10, 1, 2, 4
12, 10, 2, 0, 3
12, 10, 2, 0, 3
12, 10, 2, 1, 4
12, 10, 2, 1, 4
12, 10, 2, 1, 4
12, 10, 2, 1, 4
12, 10, 2, 1, 4
12, 10, 2, 1, 4
12, 10, 2, 1, 4
12, 10, 2, 1, 4
12, 2, 3, 0, 3
12, 2, 3, 0, 3
13, 6, 0, 2, 4
13, 6, 0, 2, 4
13, 6, 0, 2, 4
13, 6, 0, 2, 4
13, 6, 0, 2, 4
13, 6, 0, 2, 4
13, 6, 1, 2, 4
13, 6, 1, 2, 4
13, 6, 1, 2, 4
13, 6, 1, 2, 4
13, 6, 1, 2, 4
13, 6, 1, 2, 4
13, 3, 2, 1, 2
13, 3, 2, 3, 3
13, 3, 2, 3, 3
13, 10, 3, 0, 4
13, 10, 3, 0, 4
13, 10, 3, 0, 4
13, 10, 3, 0, 4
13, 10, 3, 2, 4
13, 10, 3, 2, 4
13, 10, 3, 2, 4
13, 10, 3, 2, 4
13, 10, 3, 2, 4
13, 10, 3, 2, 4
13, 2, 4, 2, 2
13, 2, 4, 2, 2
14, 3, 0, 1, 3
14, 3, 0, 1, 4
14, 3, 0, 1, 4
14, 14, 1, 0, 3
14, 14, 1, 0, 3
14, 14, 1, 0, 3
14, 14, 1, 0, 4
14, 14, 1, 0, 4
14, 14, 1, 0, 5
14, 14, 1, 0, 5
14, 14, 1, 0, 5
14, 14, 1, 0, 5
14, 14, 1, 0, 5
14, 14, 1, 0, 5
14, 14, 1, 0, 5
14, 14, 1, 0, 5
14, 14, 1, 0, 5
15, 2, 1, 0, 3
15, 2, 1, 0, 3
Goal
3
7
11
12
13
14
15
