CG
47
0, 45, 25, 2
0, 45, 26, 28
0, 45, 27, 2
0, 45, 28, 2
0, 45, 20, 2
0, 45, 29, 2
0, 45, 30, 2
0, 45, 31, 2
0, 45, 32, 2
0, 45, 21, 2
0, 45, 33, 2
0, 45, 22, 2
0, 45, 23, 2
0, 45, 24, 2
0, 45, 34, 2
0, 45, 35, 14
0, 45, 36, 14
0, 45, 37, 2
0, 45, 39, 2
0, 45, 40, 2
0, 45, 15, 2
0, 45, 41, 2
0, 45, 42, 2
0, 45, 43, 2
0, 45, 44, 2
0, 45, 16, 2
0, 45, 45, 2
0, 45, 17, 2
0, 45, 18, 2
0, 45, 19, 2
0, 45, 46, 2
0, 45, 1, 1
0, 45, 2, 1
0, 45, 3, 1
0, 45, 4, 1
0, 45, 5, 1
0, 45, 6, 1
0, 45, 7, 1
0, 45, 8, 1
0, 45, 9, 1
0, 45, 10, 1
0, 45, 11, 1
0, 45, 12, 1
0, 45, 13, 1
0, 45, 14, 1
1, 45, 25, 28
1, 45, 26, 2
1, 45, 27, 2
1, 45, 28, 2
1, 45, 20, 2
1, 45, 29, 2
1, 45, 30, 2
1, 45, 31, 2
1, 45, 32, 2
1, 45, 21, 2
1, 45, 33, 2
1, 45, 22, 2
1, 45, 23, 2
1, 45, 24, 2
1, 45, 34, 2
1, 45, 35, 14
1, 45, 36, 14
1, 45, 38, 2
1, 45, 39, 2
1, 45, 40, 2
1, 45, 15, 2
1, 45, 41, 2
1, 45, 42, 2
1, 45, 43, 2
1, 45, 44, 2
1, 45, 16, 2
1, 45, 45, 2
1, 45, 17, 2
1, 45, 18, 2
1, 45, 19, 2
1, 45, 46, 2
1, 45, 0, 1
1, 45, 2, 1
1, 45, 3, 1
1, 45, 4, 1
1, 45, 5, 1
1, 45, 6, 1
1, 45, 7, 1
1, 45, 8, 1
1, 45, 9, 1
1, 45, 10, 1
1, 45, 11, 1
1, 45, 12, 1
1, 45, 13, 1
1, 45, 14, 1
2, 45, 25, 2
2, 45, 26, 2
2, 45, 27, 28
2, 45, 28, 2
2, 45, 20, 2
2, 45, 29, 2
2, 45, 30, 2
2, 45, 31, 2
2, 45, 32, 2
2, 45, 21, 2
2, 45, 33, 2
2, 45, 22, 2
2, 45, 23, 2
2, 45, 24, 2
2, 45, 34, 2
2, 45, 35, 14
2, 45, 36, 14
2, 45, 37, 2
2, 45, 38, 2
2, 45, 40, 2
2, 45, 15, 2
2, 45, 41, 2
2, 45, 42, 2
2, 45, 43, 2
2, 45, 44, 2
2, 45, 16, 2
2, 45, 45, 2
2, 45, 17, 2
2, 45, 18, 2
2, 45, 19, 2
2, 45, 46, 2
2, 45, 1, 1
2, 45, 0, 1
2, 45, 3, 1
2, 45, 4, 1
2, 45, 5, 1
2, 45, 6, 1
2, 45, 7, 1
2, 45, 8, 1
2, 45, 9, 1
2, 45, 10, 1
2, 45, 11, 1
2, 45, 12, 1
2, 45, 13, 1
2, 45, 14, 1
3, 45, 25, 2
3, 45, 26, 2
3, 45, 27, 2
3, 45, 28, 28
3, 45, 20, 2
3, 45, 29, 2
3, 45, 30, 2
3, 45, 31, 2
3, 45, 32, 2
3, 45, 21, 2
3, 45, 33, 2
3, 45, 22, 2
3, 45, 23, 2
3, 45, 24, 2
3, 45, 34, 2
3, 45, 35, 14
3, 45, 36, 14
3, 45, 37, 2
3, 45, 38, 2
3, 45, 39, 2
3, 45, 15, 2
3, 45, 41, 2
3, 45, 42, 2
3, 45, 43, 2
3, 45, 44, 2
3, 45, 16, 2
3, 45, 45, 2
3, 45, 17, 2
3, 45, 18, 2
3, 45, 19, 2
3, 45, 46, 2
3, 45, 1, 1
3, 45, 0, 1
3, 45, 2, 1
3, 45, 4, 1
3, 45, 5, 1
3, 45, 6, 1
3, 45, 7, 1
3, 45, 8, 1
3, 45, 9, 1
3, 45, 10, 1
3, 45, 11, 1
3, 45, 12, 1
3, 45, 13, 1
3, 45, 14, 1
4, 45, 25, 2
4, 45, 26, 2
4, 45, 27, 2
4, 45, 28, 2
4, 45, 20, 28
4, 45, 29, 2
4, 45, 30, 2
4, 45, 31, 2
4, 45, 32, 2
4, 45, 21, 2
4, 45, 33, 2
4, 45, 22, 2
4, 45, 23, 2
4, 45, 24, 2
4, 45, 34, 2
4, 45, 35, 14
4, 45, 36, 14
4, 45, 37, 2
4, 45, 38, 2
4, 45, 39, 2
4, 45, 40, 2
4, 45, 41, 2
4, 45, 42, 2
4, 45, 43, 2
4, 45, 44, 2
4, 45, 16, 2
4, 45, 45, 2
4, 45, 17, 2
4, 45, 18, 2
4, 45, 19, 2
4, 45, 46, 2
4, 45, 1, 1
4, 45, 0, 1
4, 45, 2, 1
4, 45, 3, 1
4, 45, 5, 1
4, 45, 6, 1
4, 45, 7, 1
4, 45, 8, 1
4, 45, 9, 1
4, 45, 10, 1
4, 45, 11, 1
4, 45, 12, 1
4, 45, 13, 1
4, 45, 14, 1
5, 45, 25, 2
5, 45, 26, 2
5, 45, 27, 2
5, 45, 28, 2
5, 45, 20, 2
5, 45, 29, 28
5, 45, 30, 2
5, 45, 31, 2
5, 45, 32, 2
5, 45, 21, 2
5, 45, 33, 2
5, 45, 22, 2
5, 45, 23, 2
5, 45, 24, 2
5, 45, 34, 2
5, 45, 35, 14
5, 45, 36, 14
5, 45, 37, 2
5, 45, 38, 2
5, 45, 39, 2
5, 45, 40, 2
5, 45, 15, 2
5, 45, 42, 2
5, 45, 43, 2
5, 45, 44, 2
5, 45, 16, 2
5, 45, 45, 2
5, 45, 17, 2
5, 45, 18, 2
5, 45, 19, 2
5, 45, 46, 2
5, 45, 1, 1
5, 45, 0, 1
5, 45, 2, 1
5, 45, 3, 1
5, 45, 4, 1
5, 45, 6, 1
5, 45, 7, 1
5, 45, 8, 1
5, 45, 9, 1
5, 45, 10, 1
5, 45, 11, 1
5, 45, 12, 1
5, 45, 13, 1
5, 45, 14, 1
6, 45, 25, 2
6, 45, 26, 2
6, 45, 27, 2
6, 45, 28, 2
6, 45, 20, 2
6, 45, 29, 2
6, 45, 30, 28
6, 45, 31, 2
6, 45, 32, 2
6, 45, 21, 2
6, 45, 33, 2
6, 45, 22, 2
6, 45, 23, 2
6, 45, 24, 2
6, 45, 34, 2
6, 45, 35, 14
6, 45, 36, 14
6, 45, 37, 2
6, 45, 38, 2
6, 45, 39, 2
6, 45, 40, 2
6, 45, 15, 2
6, 45, 41, 2
6, 45, 43, 2
6, 45, 44, 2
6, 45, 16, 2
6, 45, 45, 2
6, 45, 17, 2
6, 45, 18, 2
6, 45, 19, 2
6, 45, 46, 2
6, 45, 1, 1
6, 45, 0, 1
6, 45, 2, 1
6, 45, 3, 1
6, 45, 4, 1
6, 45, 5, 1
6, 45, 7, 1
6, 45, 8, 1
6, 45, 9, 1
6, 45, 10, 1
6, 45, 11, 1
6, 45, 12, 1
6, 45, 13, 1
6, 45, 14, 1
7, 45, 25, 2
7, 45, 26, 2
7, 45, 27, 2
7, 45, 28, 2
7, 45, 20, 2
7, 45, 29, 2
7, 45, 30, 2
7, 45, 31, 28
7, 45, 32, 2
7, 45, 21, 2
7, 45, 33, 2
7, 45, 22, 2
7, 45, 23, 2
7, 45, 24, 2
7, 45, 34, 2
7, 45, 35, 14
7, 45, 36, 14
7, 45, 37, 2
7, 45, 38, 2
7, 45, 39, 2
7, 45, 40, 2
7, 45, 15, 2
7, 45, 41, 2
7, 45, 42, 2
7, 45, 44, 2
7, 45, 16, 2
7, 45, 45, 2
7, 45, 17, 2
7, 45, 18, 2
7, 45, 19, 2
7, 45, 46, 2
7, 45, 1, 1
7, 45, 0, 1
7, 45, 2, 1
7, 45, 3, 1
7, 45, 4, 1
7, 45, 5, 1
7, 45, 6, 1
7, 45, 8, 1
7, 45, 9, 1
7, 45, 10, 1
7, 45, 11, 1
7, 45, 12, 1
7, 45, 13, 1
7, 45, 14, 1
8, 45, 25, 2
8, 45, 26, 2
8, 45, 27, 2
8, 45, 28, 2
8, 45, 20, 2
8, 45, 29, 2
8, 45, 30, 2
8, 45, 31, 2
8, 45, 32, 28
8, 45, 21, 2
8, 45, 33, 2
8, 45, 22, 2
8, 45, 23, 2
8, 45, 24, 2
8, 45, 34, 2
8, 45, 35, 14
8, 45, 36, 14
8, 45, 37, 2
8, 45, 38, 2
8, 45, 39, 2
8, 45, 40, 2
8, 45, 15, 2
8, 45, 41, 2
8, 45, 42, 2
8, 45, 43, 2
8, 45, 16, 2
8, 45, 45, 2
8, 45, 17, 2
8, 45, 18, 2
8, 45, 19, 2
8, 45, 46, 2
8, 45, 1, 1
8, 45, 0, 1
8, 45, 2, 1
8, 45, 3, 1
8, 45, 4, 1
8, 45, 5, 1
8, 45, 6, 1
8, 45, 7, 1
8, 45, 9, 1
8, 45, 10, 1
8, 45, 11, 1
8, 45, 12, 1
8, 45, 13, 1
8, 45, 14, 1
9, 45, 25, 2
9, 45, 26, 2
9, 45, 27, 2
9, 45, 28, 2
9, 45, 20, 2
9, 45, 29, 2
9, 45, 30, 2
9, 45, 31, 2
9, 45, 32, 2
9, 45, 21, 28
9, 45, 33, 2
9, 45, 22, 2
9, 45, 23, 2
9, 45, 24, 2
9, 45, 34, 2
9, 45, 35, 14
9, 45, 36, 14
9, 45, 37, 2
9, 45, 38, 2
9, 45, 39, 2
9, 45, 40, 2
9, 45, 15, 2
9, 45, 41, 2
9, 45, 42, 2
9, 45, 43, 2
9, 45, 44, 2
9, 45, 45, 2
9, 45, 17, 2
9, 45, 18, 2
9, 45, 19, 2
9, 45, 46, 2
9, 45, 1, 1
9, 45, 0, 1
9, 45, 2, 1
9, 45, 3, 1
9, 45, 4, 1
9, 45, 5, 1
9, 45, 6, 1
9, 45, 7, 1
9, 45, 8, 1
9, 45, 10, 1
9, 45, 11, 1
9, 45, 12, 1
9, 45, 13, 1
9, 45, 14, 1
10, 45, 25, 2
10, 45, 26, 2
10, 45, 27, 2
10, 45, 28, 2
10, 45, 20, 2
10, 45, 29, 2
10, 45, 30, 2
10, 45, 31, 2
10, 45, 32, 2
10, 45, 21, 2
10, 45, 33, 28
10, 45, 22, 2
10, 45, 23, 2
10, 45, 24, 2
10, 45, 34, 2
10, 45, 35, 14
10, 45, 36, 14
10, 45, 37, 2
10, 45, 38, 2
10, 45, 39, 2
10, 45, 40, 2
10, 45, 15, 2
10, 45, 41, 2
10, 45, 42, 2
10, 45, 43, 2
10, 45, 44, 2
10, 45, 16, 2
10, 45, 17, 2
10, 45, 18, 2
10, 45, 19, 2
10, 45, 46, 2
10, 45, 1, 1
10, 45, 0, 1
10, 45, 2, 1
10, 45, 3, 1
10, 45, 4, 1
10, 45, 5, 1
10, 45, 6, 1
10, 45, 7, 1
10, 45, 8, 1
10, 45, 9, 1
10, 45, 11, 1
10, 45, 12, 1
10, 45, 13, 1
10, 45, 14, 1
11, 45, 25, 2
11, 45, 26, 2
11, 45, 27, 2
11, 45, 28, 2
11, 45, 20, 2
11, 45, 29, 2
11, 45, 30, 2
11, 45, 31, 2
11, 45, 32, 2
11, 45, 21, 2
11, 45, 33, 2
11, 45, 22, 28
11, 45, 23, 2
11, 45, 24, 2
11, 45, 34, 2
11, 45, 35, 14
11, 45, 36, 14
11, 45, 37, 2
11, 45, 38, 2
11, 45, 39, 2
11, 45, 40, 2
11, 45, 15, 2
11, 45, 41, 2
11, 45, 42, 2
11, 45, 43, 2
11, 45, 44, 2
11, 45, 16, 2
11, 45, 45, 2
11, 45, 18, 2
11, 45, 19, 2
11, 45, 46, 2
11, 45, 1, 1
11, 45, 0, 1
11, 45, 2, 1
11, 45, 3, 1
11, 45, 4, 1
11, 45, 5, 1
11, 45, 6, 1
11, 45, 7, 1
11, 45, 8, 1
11, 45, 9, 1
11, 45, 10, 1
11, 45, 12, 1
11, 45, 13, 1
11, 45, 14, 1
12, 45, 25, 2
12, 45, 26, 2
12, 45, 27, 2
12, 45, 28, 2
12, 45, 20, 2
12, 45, 29, 2
12, 45, 30, 2
12, 45, 31, 2
12, 45, 32, 2
12, 45, 21, 2
12, 45, 33, 2
12, 45, 22, 2
12, 45, 23, 28
12, 45, 24, 2
12, 45, 34, 2
12, 45, 35, 14
12, 45, 36, 14
12, 45, 37, 2
12, 45, 38, 2
12, 45, 39, 2
12, 45, 40, 2
12, 45, 15, 2
12, 45, 41, 2
12, 45, 42, 2
12, 45, 43, 2
12, 45, 44, 2
12, 45, 16, 2
12, 45, 45, 2
12, 45, 17, 2
12, 45, 19, 2
12, 45, 46, 2
12, 45, 1, 1
12, 45, 0, 1
12, 45, 2, 1
12, 45, 3, 1
12, 45, 4, 1
12, 45, 5, 1
12, 45, 6, 1
12, 45, 7, 1
12, 45, 8, 1
12, 45, 9, 1
12, 45, 10, 1
12, 45, 11, 1
12, 45, 13, 1
12, 45, 14, 1
13, 45, 25, 2
13, 45, 26, 2
13, 45, 27, 2
13, 45, 28, 2
13, 45, 20, 2
13, 45, 29, 2
13, 45, 30, 2
13, 45, 31, 2
13, 45, 32, 2
13, 45, 21, 2
13, 45, 33, 2
13, 45, 22, 2
13, 45, 23, 2
13, 45, 24, 28
13, 45, 34, 2
13, 45, 35, 14
13, 45, 36, 14
13, 45, 37, 2
13, 45, 38, 2
13, 45, 39, 2
13, 45, 40, 2
13, 45, 15, 2
13, 45, 41, 2
13, 45, 42, 2
13, 45, 43, 2
13, 45, 44, 2
13, 45, 16, 2
13, 45, 45, 2
13, 45, 17, 2
13, 45, 18, 2
13, 45, 46, 2
13, 45, 1, 1
13, 45, 0, 1
13, 45, 2, 1
13, 45, 3, 1
13, 45, 4, 1
13, 45, 5, 1
13, 45, 6, 1
13, 45, 7, 1
13, 45, 8, 1
13, 45, 9, 1
13, 45, 10, 1
13, 45, 11, 1
13, 45, 12, 1
13, 45, 14, 1
14, 45, 25, 2
14, 45, 26, 2
14, 45, 27, 2
14, 45, 28, 2
14, 45, 20, 2
14, 45, 29, 2
14, 45, 30, 2
14, 45, 31, 2
14, 45, 32, 2
14, 45, 21, 2
14, 45, 33, 2
14, 45, 22, 2
14, 45, 23, 2
14, 45, 24, 2
14, 45, 34, 28
14, 45, 35, 14
14, 45, 36, 14
14, 45, 37, 2
14, 45, 38, 2
14, 45, 39, 2
14, 45, 40, 2
14, 45, 15, 2
14, 45, 41, 2
14, 45, 42, 2
14, 45, 43, 2
14, 45, 44, 2
14, 45, 16, 2
14, 45, 45, 2
14, 45, 17, 2
14, 45, 18, 2
14, 45, 19, 2
14, 45, 1, 1
14, 45, 0, 1
14, 45, 2, 1
14, 45, 3, 1
14, 45, 4, 1
14, 45, 5, 1
14, 45, 6, 1
14, 45, 7, 1
14, 45, 8, 1
14, 45, 9, 1
14, 45, 10, 1
14, 45, 11, 1
14, 45, 12, 1
14, 45, 13, 1
15, 18, 25, 4
15, 18, 26, 4
15, 18, 27, 4
15, 18, 28, 4
15, 18, 20, 60
15, 18, 29, 4
15, 18, 30, 4
15, 18, 31, 4
15, 18, 32, 4
15, 18, 21, 4
15, 18, 33, 4
15, 18, 22, 4
15, 18, 23, 4
15, 18, 24, 4
15, 18, 34, 4
15, 18, 35, 30
15, 18, 36, 30
15, 18, 4, 15
16, 18, 25, 4
16, 18, 26, 4
16, 18, 27, 4
16, 18, 28, 4
16, 18, 20, 4
16, 18, 29, 4
16, 18, 30, 4
16, 18, 31, 4
16, 18, 32, 4
16, 18, 21, 60
16, 18, 33, 4
16, 18, 22, 4
16, 18, 23, 4
16, 18, 24, 4
16, 18, 34, 4
16, 18, 35, 30
16, 18, 36, 30
16, 18, 9, 15
17, 18, 25, 4
17, 18, 26, 4
17, 18, 27, 4
17, 18, 28, 4
17, 18, 20, 4
17, 18, 29, 4
17, 18, 30, 4
17, 18, 31, 4
17, 18, 32, 4
17, 18, 21, 4
17, 18, 33, 4
17, 18, 22, 60
17, 18, 23, 4
17, 18, 24, 4
17, 18, 34, 4
17, 18, 35, 30
17, 18, 36, 30
17, 18, 11, 15
18, 18, 25, 4
18, 18, 26, 4
18, 18, 27, 4
18, 18, 28, 4
18, 18, 20, 4
18, 18, 29, 4
18, 18, 30, 4
18, 18, 31, 4
18, 18, 32, 4
18, 18, 21, 4
18, 18, 33, 4
18, 18, 22, 4
18, 18, 23, 60
18, 18, 24, 4
18, 18, 34, 4
18, 18, 35, 30
18, 18, 36, 30
18, 18, 12, 15
19, 18, 25, 4
19, 18, 26, 4
19, 18, 27, 4
19, 18, 28, 4
19, 18, 20, 4
19, 18, 29, 4
19, 18, 30, 4
19, 18, 31, 4
19, 18, 32, 4
19, 18, 21, 4
19, 18, 33, 4
19, 18, 22, 4
19, 18, 23, 4
19, 18, 24, 60
19, 18, 34, 4
19, 18, 35, 30
19, 18, 36, 30
19, 18, 13, 15
20, 45, 25, 4
20, 45, 26, 4
20, 45, 27, 4
20, 45, 28, 4
20, 45, 29, 4
20, 45, 30, 4
20, 45, 31, 4
20, 45, 32, 4
20, 45, 21, 4
20, 45, 33, 4
20, 45, 22, 4
20, 45, 23, 4
20, 45, 24, 4
20, 45, 34, 4
20, 45, 35, 29
20, 45, 36, 29
20, 45, 37, 2
20, 45, 38, 2
20, 45, 39, 2
20, 45, 40, 2
20, 45, 15, 30
20, 45, 41, 2
20, 45, 42, 2
20, 45, 43, 2
20, 45, 44, 2
20, 45, 16, 2
20, 45, 45, 2
20, 45, 17, 2
20, 45, 18, 2
20, 45, 19, 2
20, 45, 46, 2
20, 45, 1, 1
20, 45, 0, 1
20, 45, 2, 1
20, 45, 3, 1
20, 45, 5, 1
20, 45, 6, 1
20, 45, 7, 1
20, 45, 8, 1
20, 45, 9, 1
20, 45, 10, 1
20, 45, 11, 1
20, 45, 12, 1
20, 45, 13, 1
20, 45, 14, 1
21, 45, 25, 4
21, 45, 26, 4
21, 45, 27, 4
21, 45, 28, 4
21, 45, 20, 4
21, 45, 29, 4
21, 45, 30, 4
21, 45, 31, 4
21, 45, 32, 4
21, 45, 33, 4
21, 45, 22, 4
21, 45, 23, 4
21, 45, 24, 4
21, 45, 34, 4
21, 45, 35, 29
21, 45, 36, 29
21, 45, 37, 2
21, 45, 38, 2
21, 45, 39, 2
21, 45, 40, 2
21, 45, 15, 2
21, 45, 41, 2
21, 45, 42, 2
21, 45, 43, 2
21, 45, 44, 2
21, 45, 16, 30
21, 45, 45, 2
21, 45, 17, 2
21, 45, 18, 2
21, 45, 19, 2
21, 45, 46, 2
21, 45, 1, 1
21, 45, 0, 1
21, 45, 2, 1
21, 45, 3, 1
21, 45, 4, 1
21, 45, 5, 1
21, 45, 6, 1
21, 45, 7, 1
21, 45, 8, 1
21, 45, 10, 1
21, 45, 11, 1
21, 45, 12, 1
21, 45, 13, 1
21, 45, 14, 1
22, 45, 25, 4
22, 45, 26, 4
22, 45, 27, 4
22, 45, 28, 4
22, 45, 20, 4
22, 45, 29, 4
22, 45, 30, 4
22, 45, 31, 4
22, 45, 32, 4
22, 45, 21, 4
22, 45, 33, 4
22, 45, 23, 4
22, 45, 24, 4
22, 45, 34, 4
22, 45, 35, 29
22, 45, 36, 29
22, 45, 37, 2
22, 45, 38, 2
22, 45, 39, 2
22, 45, 40, 2
22, 45, 15, 2
22, 45, 41, 2
22, 45, 42, 2
22, 45, 43, 2
22, 45, 44, 2
22, 45, 16, 2
22, 45, 45, 2
22, 45, 17, 30
22, 45, 18, 2
22, 45, 19, 2
22, 45, 46, 2
22, 45, 1, 1
22, 45, 0, 1
22, 45, 2, 1
22, 45, 3, 1
22, 45, 4, 1
22, 45, 5, 1
22, 45, 6, 1
22, 45, 7, 1
22, 45, 8, 1
22, 45, 9, 1
22, 45, 10, 1
22, 45, 12, 1
22, 45, 13, 1
22, 45, 14, 1
23, 45, 25, 4
23, 45, 26, 4
23, 45, 27, 4
23, 45, 28, 4
23, 45, 20, 4
23, 45, 29, 4
23, 45, 30, 4
23, 45, 31, 4
23, 45, 32, 4
23, 45, 21, 4
23, 45, 33, 4
23, 45, 22, 4
23, 45, 24, 4
23, 45, 34, 4
23, 45, 35, 29
23, 45, 36, 29
23, 45, 37, 2
23, 45, 38, 2
23, 45, 39, 2
23, 45, 40, 2
23, 45, 15, 2
23, 45, 41, 2
23, 45, 42, 2
23, 45, 43, 2
23, 45, 44, 2
23, 45, 16, 2
23, 45, 45, 2
23, 45, 17, 2
23, 45, 18, 30
23, 45, 19, 2
23, 45, 46, 2
23, 45, 1, 1
23, 45, 0, 1
23, 45, 2, 1
23, 45, 3, 1
23, 45, 4, 1
23, 45, 5, 1
23, 45, 6, 1
23, 45, 7, 1
23, 45, 8, 1
23, 45, 9, 1
23, 45, 10, 1
23, 45, 11, 1
23, 45, 13, 1
23, 45, 14, 1
24, 45, 25, 4
24, 45, 26, 4
24, 45, 27, 4
24, 45, 28, 4
24, 45, 20, 4
24, 45, 29, 4
24, 45, 30, 4
24, 45, 31, 4
24, 45, 32, 4
24, 45, 21, 4
24, 45, 33, 4
24, 45, 22, 4
24, 45, 23, 4
24, 45, 34, 4
24, 45, 35, 29
24, 45, 36, 29
24, 45, 37, 2
24, 45, 38, 2
24, 45, 39, 2
24, 45, 40, 2
24, 45, 15, 2
24, 45, 41, 2
24, 45, 42, 2
24, 45, 43, 2
24, 45, 44, 2
24, 45, 16, 2
24, 45, 45, 2
24, 45, 17, 2
24, 45, 18, 2
24, 45, 19, 30
24, 45, 46, 2
24, 45, 1, 1
24, 45, 0, 1
24, 45, 2, 1
24, 45, 3, 1
24, 45, 4, 1
24, 45, 5, 1
24, 45, 6, 1
24, 45, 7, 1
24, 45, 8, 1
24, 45, 9, 1
24, 45, 10, 1
24, 45, 11, 1
24, 45, 12, 1
24, 45, 14, 1
25, 45, 26, 4
25, 45, 27, 4
25, 45, 28, 4
25, 45, 20, 4
25, 45, 29, 4
25, 45, 30, 4
25, 45, 31, 4
25, 45, 32, 4
25, 45, 21, 4
25, 45, 33, 4
25, 45, 22, 4
25, 45, 23, 4
25, 45, 24, 4
25, 45, 34, 4
25, 45, 35, 29
25, 45, 36, 29
25, 45, 37, 30
25, 45, 38, 2
25, 45, 39, 2
25, 45, 40, 2
25, 45, 15, 2
25, 45, 41, 2
25, 45, 42, 2
25, 45, 43, 2
25, 45, 44, 2
25, 45, 16, 2
25, 45, 45, 2
25, 45, 17, 2
25, 45, 18, 2
25, 45, 19, 2
25, 45, 46, 2
25, 45, 0, 1
25, 45, 2, 1
25, 45, 3, 1
25, 45, 4, 1
25, 45, 5, 1
25, 45, 6, 1
25, 45, 7, 1
25, 45, 8, 1
25, 45, 9, 1
25, 45, 10, 1
25, 45, 11, 1
25, 45, 12, 1
25, 45, 13, 1
25, 45, 14, 1
26, 45, 25, 4
26, 45, 27, 4
26, 45, 28, 4
26, 45, 20, 4
26, 45, 29, 4
26, 45, 30, 4
26, 45, 31, 4
26, 45, 32, 4
26, 45, 21, 4
26, 45, 33, 4
26, 45, 22, 4
26, 45, 23, 4
26, 45, 24, 4
26, 45, 34, 4
26, 45, 35, 29
26, 45, 36, 29
26, 45, 37, 2
26, 45, 38, 30
26, 45, 39, 2
26, 45, 40, 2
26, 45, 15, 2
26, 45, 41, 2
26, 45, 42, 2
26, 45, 43, 2
26, 45, 44, 2
26, 45, 16, 2
26, 45, 45, 2
26, 45, 17, 2
26, 45, 18, 2
26, 45, 19, 2
26, 45, 46, 2
26, 45, 1, 1
26, 45, 2, 1
26, 45, 3, 1
26, 45, 4, 1
26, 45, 5, 1
26, 45, 6, 1
26, 45, 7, 1
26, 45, 8, 1
26, 45, 9, 1
26, 45, 10, 1
26, 45, 11, 1
26, 45, 12, 1
26, 45, 13, 1
26, 45, 14, 1
27, 45, 25, 4
27, 45, 26, 4
27, 45, 28, 4
27, 45, 20, 4
27, 45, 29, 4
27, 45, 30, 4
27, 45, 31, 4
27, 45, 32, 4
27, 45, 21, 4
27, 45, 33, 4
27, 45, 22, 4
27, 45, 23, 4
27, 45, 24, 4
27, 45, 34, 4
27, 45, 35, 29
27, 45, 36, 29
27, 45, 37, 2
27, 45, 38, 2
27, 45, 39, 30
27, 45, 40, 2
27, 45, 15, 2
27, 45, 41, 2
27, 45, 42, 2
27, 45, 43, 2
27, 45, 44, 2
27, 45, 16, 2
27, 45, 45, 2
27, 45, 17, 2
27, 45, 18, 2
27, 45, 19, 2
27, 45, 46, 2
27, 45, 1, 1
27, 45, 0, 1
27, 45, 3, 1
27, 45, 4, 1
27, 45, 5, 1
27, 45, 6, 1
27, 45, 7, 1
27, 45, 8, 1
27, 45, 9, 1
27, 45, 10, 1
27, 45, 11, 1
27, 45, 12, 1
27, 45, 13, 1
27, 45, 14, 1
28, 45, 25, 4
28, 45, 26, 4
28, 45, 27, 4
28, 45, 20, 4
28, 45, 29, 4
28, 45, 30, 4
28, 45, 31, 4
28, 45, 32, 4
28, 45, 21, 4
28, 45, 33, 4
28, 45, 22, 4
28, 45, 23, 4
28, 45, 24, 4
28, 45, 34, 4
28, 45, 35, 29
28, 45, 36, 29
28, 45, 37, 2
28, 45, 38, 2
28, 45, 39, 2
28, 45, 40, 30
28, 45, 15, 2
28, 45, 41, 2
28, 45, 42, 2
28, 45, 43, 2
28, 45, 44, 2
28, 45, 16, 2
28, 45, 45, 2
28, 45, 17, 2
28, 45, 18, 2
28, 45, 19, 2
28, 45, 46, 2
28, 45, 1, 1
28, 45, 0, 1
28, 45, 2, 1
28, 45, 4, 1
28, 45, 5, 1
28, 45, 6, 1
28, 45, 7, 1
28, 45, 8, 1
28, 45, 9, 1
28, 45, 10, 1
28, 45, 11, 1
28, 45, 12, 1
28, 45, 13, 1
28, 45, 14, 1
29, 45, 25, 4
29, 45, 26, 4
29, 45, 27, 4
29, 45, 28, 4
29, 45, 20, 4
29, 45, 30, 4
29, 45, 31, 4
29, 45, 32, 4
29, 45, 21, 4
29, 45, 33, 4
29, 45, 22, 4
29, 45, 23, 4
29, 45, 24, 4
29, 45, 34, 4
29, 45, 35, 29
29, 45, 36, 29
29, 45, 37, 2
29, 45, 38, 2
29, 45, 39, 2
29, 45, 40, 2
29, 45, 15, 2
29, 45, 41, 30
29, 45, 42, 2
29, 45, 43, 2
29, 45, 44, 2
29, 45, 16, 2
29, 45, 45, 2
29, 45, 17, 2
29, 45, 18, 2
29, 45, 19, 2
29, 45, 46, 2
29, 45, 1, 1
29, 45, 0, 1
29, 45, 2, 1
29, 45, 3, 1
29, 45, 4, 1
29, 45, 6, 1
29, 45, 7, 1
29, 45, 8, 1
29, 45, 9, 1
29, 45, 10, 1
29, 45, 11, 1
29, 45, 12, 1
29, 45, 13, 1
29, 45, 14, 1
30, 45, 25, 4
30, 45, 26, 4
30, 45, 27, 4
30, 45, 28, 4
30, 45, 20, 4
30, 45, 29, 4
30, 45, 31, 4
30, 45, 32, 4
30, 45, 21, 4
30, 45, 33, 4
30, 45, 22, 4
30, 45, 23, 4
30, 45, 24, 4
30, 45, 34, 4
30, 45, 35, 29
30, 45, 36, 29
30, 45, 37, 2
30, 45, 38, 2
30, 45, 39, 2
30, 45, 40, 2
30, 45, 15, 2
30, 45, 41, 2
30, 45, 42, 30
30, 45, 43, 2
30, 45, 44, 2
30, 45, 16, 2
30, 45, 45, 2
30, 45, 17, 2
30, 45, 18, 2
30, 45, 19, 2
30, 45, 46, 2
30, 45, 1, 1
30, 45, 0, 1
30, 45, 2, 1
30, 45, 3, 1
30, 45, 4, 1
30, 45, 5, 1
30, 45, 7, 1
30, 45, 8, 1
30, 45, 9, 1
30, 45, 10, 1
30, 45, 11, 1
30, 45, 12, 1
30, 45, 13, 1
30, 45, 14, 1
31, 45, 25, 4
31, 45, 26, 4
31, 45, 27, 4
31, 45, 28, 4
31, 45, 20, 4
31, 45, 29, 4
31, 45, 30, 4
31, 45, 32, 4
31, 45, 21, 4
31, 45, 33, 4
31, 45, 22, 4
31, 45, 23, 4
31, 45, 24, 4
31, 45, 34, 4
31, 45, 35, 29
31, 45, 36, 29
31, 45, 37, 2
31, 45, 38, 2
31, 45, 39, 2
31, 45, 40, 2
31, 45, 15, 2
31, 45, 41, 2
31, 45, 42, 2
31, 45, 43, 30
31, 45, 44, 2
31, 45, 16, 2
31, 45, 45, 2
31, 45, 17, 2
31, 45, 18, 2
31, 45, 19, 2
31, 45, 46, 2
31, 45, 1, 1
31, 45, 0, 1
31, 45, 2, 1
31, 45, 3, 1
31, 45, 4, 1
31, 45, 5, 1
31, 45, 6, 1
31, 45, 8, 1
31, 45, 9, 1
31, 45, 10, 1
31, 45, 11, 1
31, 45, 12, 1
31, 45, 13, 1
31, 45, 14, 1
32, 45, 25, 4
32, 45, 26, 4
32, 45, 27, 4
32, 45, 28, 4
32, 45, 20, 4
32, 45, 29, 4
32, 45, 30, 4
32, 45, 31, 4
32, 45, 21, 4
32, 45, 33, 4
32, 45, 22, 4
32, 45, 23, 4
32, 45, 24, 4
32, 45, 34, 4
32, 45, 35, 29
32, 45, 36, 29
32, 45, 37, 2
32, 45, 38, 2
32, 45, 39, 2
32, 45, 40, 2
32, 45, 15, 2
32, 45, 41, 2
32, 45, 42, 2
32, 45, 43, 2
32, 45, 44, 30
32, 45, 16, 2
32, 45, 45, 2
32, 45, 17, 2
32, 45, 18, 2
32, 45, 19, 2
32, 45, 46, 2
32, 45, 1, 1
32, 45, 0, 1
32, 45, 2, 1
32, 45, 3, 1
32, 45, 4, 1
32, 45, 5, 1
32, 45, 6, 1
32, 45, 7, 1
32, 45, 9, 1
32, 45, 10, 1
32, 45, 11, 1
32, 45, 12, 1
32, 45, 13, 1
32, 45, 14, 1
33, 45, 25, 4
33, 45, 26, 4
33, 45, 27, 4
33, 45, 28, 4
33, 45, 20, 4
33, 45, 29, 4
33, 45, 30, 4
33, 45, 31, 4
33, 45, 32, 4
33, 45, 21, 4
33, 45, 22, 4
33, 45, 23, 4
33, 45, 24, 4
33, 45, 34, 4
33, 45, 35, 29
33, 45, 36, 29
33, 45, 37, 2
33, 45, 38, 2
33, 45, 39, 2
33, 45, 40, 2
33, 45, 15, 2
33, 45, 41, 2
33, 45, 42, 2
33, 45, 43, 2
33, 45, 44, 2
33, 45, 16, 2
33, 45, 45, 30
33, 45, 17, 2
33, 45, 18, 2
33, 45, 19, 2
33, 45, 46, 2
33, 45, 1, 1
33, 45, 0, 1
33, 45, 2, 1
33, 45, 3, 1
33, 45, 4, 1
33, 45, 5, 1
33, 45, 6, 1
33, 45, 7, 1
33, 45, 8, 1
33, 45, 9, 1
33, 45, 11, 1
33, 45, 12, 1
33, 45, 13, 1
33, 45, 14, 1
34, 45, 25, 4
34, 45, 26, 4
34, 45, 27, 4
34, 45, 28, 4
34, 45, 20, 4
34, 45, 29, 4
34, 45, 30, 4
34, 45, 31, 4
34, 45, 32, 4
34, 45, 21, 4
34, 45, 33, 4
34, 45, 22, 4
34, 45, 23, 4
34, 45, 24, 4
34, 45, 35, 29
34, 45, 36, 29
34, 45, 37, 2
34, 45, 38, 2
34, 45, 39, 2
34, 45, 40, 2
34, 45, 15, 2
34, 45, 41, 2
34, 45, 42, 2
34, 45, 43, 2
34, 45, 44, 2
34, 45, 16, 2
34, 45, 45, 2
34, 45, 17, 2
34, 45, 18, 2
34, 45, 19, 2
34, 45, 46, 30
34, 45, 1, 1
34, 45, 0, 1
34, 45, 2, 1
34, 45, 3, 1
34, 45, 4, 1
34, 45, 5, 1
34, 45, 6, 1
34, 45, 7, 1
34, 45, 8, 1
34, 45, 9, 1
34, 45, 10, 1
34, 45, 11, 1
34, 45, 12, 1
34, 45, 13, 1
35, 30, 25, 29
35, 30, 26, 29
35, 30, 27, 29
35, 30, 28, 29
35, 30, 20, 29
35, 30, 29, 29
35, 30, 30, 29
35, 30, 31, 29
35, 30, 32, 29
35, 30, 21, 29
35, 30, 33, 29
35, 30, 22, 29
35, 30, 23, 29
35, 30, 24, 29
35, 30, 34, 29
35, 30, 37, 15
35, 30, 38, 15
35, 30, 39, 15
35, 30, 40, 15
35, 30, 15, 15
35, 30, 41, 15
35, 30, 42, 15
35, 30, 43, 15
35, 30, 44, 15
35, 30, 16, 15
35, 30, 45, 15
35, 30, 17, 15
35, 30, 18, 15
35, 30, 19, 15
35, 30, 46, 15
36, 30, 25, 29
36, 30, 26, 29
36, 30, 27, 29
36, 30, 28, 29
36, 30, 20, 29
36, 30, 29, 29
36, 30, 30, 29
36, 30, 31, 29
36, 30, 32, 29
36, 30, 21, 29
36, 30, 33, 29
36, 30, 22, 29
36, 30, 23, 29
36, 30, 24, 29
36, 30, 34, 29
36, 30, 37, 15
36, 30, 38, 15
36, 30, 39, 15
36, 30, 40, 15
36, 30, 15, 15
36, 30, 41, 15
36, 30, 42, 15
36, 30, 43, 15
36, 30, 44, 15
36, 30, 16, 15
36, 30, 45, 15
36, 30, 17, 15
36, 30, 18, 15
36, 30, 19, 15
36, 30, 46, 15
37, 18, 25, 60
37, 18, 26, 4
37, 18, 27, 4
37, 18, 28, 4
37, 18, 20, 4
37, 18, 29, 4
37, 18, 30, 4
37, 18, 31, 4
37, 18, 32, 4
37, 18, 21, 4
37, 18, 33, 4
37, 18, 22, 4
37, 18, 23, 4
37, 18, 24, 4
37, 18, 34, 4
37, 18, 35, 30
37, 18, 36, 30
37, 18, 1, 15
38, 18, 25, 4
38, 18, 26, 60
38, 18, 27, 4
38, 18, 28, 4
38, 18, 20, 4
38, 18, 29, 4
38, 18, 30, 4
38, 18, 31, 4
38, 18, 32, 4
38, 18, 21, 4
38, 18, 33, 4
38, 18, 22, 4
38, 18, 23, 4
38, 18, 24, 4
38, 18, 34, 4
38, 18, 35, 30
38, 18, 36, 30
38, 18, 0, 15
39, 18, 25, 4
39, 18, 26, 4
39, 18, 27, 60
39, 18, 28, 4
39, 18, 20, 4
39, 18, 29, 4
39, 18, 30, 4
39, 18, 31, 4
39, 18, 32, 4
39, 18, 21, 4
39, 18, 33, 4
39, 18, 22, 4
39, 18, 23, 4
39, 18, 24, 4
39, 18, 34, 4
39, 18, 35, 30
39, 18, 36, 30
39, 18, 2, 15
40, 18, 25, 4
40, 18, 26, 4
40, 18, 27, 4
40, 18, 28, 60
40, 18, 20, 4
40, 18, 29, 4
40, 18, 30, 4
40, 18, 31, 4
40, 18, 32, 4
40, 18, 21, 4
40, 18, 33, 4
40, 18, 22, 4
40, 18, 23, 4
40, 18, 24, 4
40, 18, 34, 4
40, 18, 35, 30
40, 18, 36, 30
40, 18, 3, 15
41, 18, 25, 4
41, 18, 26, 4
41, 18, 27, 4
41, 18, 28, 4
41, 18, 20, 4
41, 18, 29, 60
41, 18, 30, 4
41, 18, 31, 4
41, 18, 32, 4
41, 18, 21, 4
41, 18, 33, 4
41, 18, 22, 4
41, 18, 23, 4
41, 18, 24, 4
41, 18, 34, 4
41, 18, 35, 30
41, 18, 36, 30
41, 18, 5, 15
42, 18, 25, 4
42, 18, 26, 4
42, 18, 27, 4
42, 18, 28, 4
42, 18, 20, 4
42, 18, 29, 4
42, 18, 30, 60
42, 18, 31, 4
42, 18, 32, 4
42, 18, 21, 4
42, 18, 33, 4
42, 18, 22, 4
42, 18, 23, 4
42, 18, 24, 4
42, 18, 34, 4
42, 18, 35, 30
42, 18, 36, 30
42, 18, 6, 15
43, 18, 25, 4
43, 18, 26, 4
43, 18, 27, 4
43, 18, 28, 4
43, 18, 20, 4
43, 18, 29, 4
43, 18, 30, 4
43, 18, 31, 60
43, 18, 32, 4
43, 18, 21, 4
43, 18, 33, 4
43, 18, 22, 4
43, 18, 23, 4
43, 18, 24, 4
43, 18, 34, 4
43, 18, 35, 30
43, 18, 36, 30
43, 18, 7, 15
44, 18, 25, 4
44, 18, 26, 4
44, 18, 27, 4
44, 18, 28, 4
44, 18, 20, 4
44, 18, 29, 4
44, 18, 30, 4
44, 18, 31, 4
44, 18, 32, 60
44, 18, 21, 4
44, 18, 33, 4
44, 18, 22, 4
44, 18, 23, 4
44, 18, 24, 4
44, 18, 34, 4
44, 18, 35, 30
44, 18, 36, 30
44, 18, 8, 15
45, 18, 25, 4
45, 18, 26, 4
45, 18, 27, 4
45, 18, 28, 4
45, 18, 20, 4
45, 18, 29, 4
45, 18, 30, 4
45, 18, 31, 4
45, 18, 32, 4
45, 18, 21, 4
45, 18, 33, 60
45, 18, 22, 4
45, 18, 23, 4
45, 18, 24, 4
45, 18, 34, 4
45, 18, 35, 30
45, 18, 36, 30
45, 18, 10, 15
46, 18, 25, 4
46, 18, 26, 4
46, 18, 27, 4
46, 18, 28, 4
46, 18, 20, 4
46, 18, 29, 4
46, 18, 30, 4
46, 18, 31, 4
46, 18, 32, 4
46, 18, 21, 4
46, 18, 33, 4
46, 18, 22, 4
46, 18, 23, 4
46, 18, 24, 4
46, 18, 34, 60
46, 18, 35, 30
46, 18, 36, 30
46, 18, 14, 15
DTG
0, 1, 0, 1, 2
1, 1, 0, 1, 2
2, 1, 0, 1, 2
3, 1, 0, 1, 2
4, 1, 0, 1, 2
5, 1, 0, 1, 2
6, 1, 0, 1, 2
7, 1, 0, 1, 2
8, 1, 0, 1, 2
9, 1, 0, 1, 2
10, 1, 0, 1, 2
11, 1, 0, 1, 2
12, 1, 0, 1, 2
13, 1, 0, 1, 2
14, 1, 0, 1, 2
15, 15, 0, 2, 3
15, 15, 0, 3, 3
15, 15, 0, 4, 3
15, 15, 0, 5, 3
15, 15, 0, 6, 3
15, 15, 0, 7, 3
15, 15, 0, 8, 3
15, 15, 0, 9, 3
15, 15, 0, 10, 3
15, 15, 0, 11, 3
15, 15, 0, 12, 3
15, 15, 0, 13, 3
15, 15, 0, 14, 3
15, 15, 0, 15, 3
15, 15, 0, 16, 1
15, 15, 1, 2, 3
15, 15, 1, 3, 3
15, 15, 1, 4, 3
15, 15, 1, 5, 3
15, 15, 1, 6, 3
15, 15, 1, 7, 3
15, 15, 1, 8, 3
15, 15, 1, 9, 3
15, 15, 1, 10, 3
15, 15, 1, 11, 3
15, 15, 1, 12, 3
15, 15, 1, 13, 3
15, 15, 1, 14, 3
15, 15, 1, 15, 3
15, 15, 1, 16, 1
15, 2, 2, 0, 3
15, 2, 2, 1, 3
15, 2, 3, 0, 3
15, 2, 3, 1, 3
15, 2, 4, 0, 3
15, 2, 4, 1, 3
15, 2, 5, 0, 3
15, 2, 5, 1, 3
15, 2, 6, 0, 3
15, 2, 6, 1, 3
15, 2, 7, 0, 3
15, 2, 7, 1, 3
15, 2, 8, 0, 3
15, 2, 8, 1, 3
15, 2, 9, 0, 3
15, 2, 9, 1, 3
15, 2, 10, 0, 3
15, 2, 10, 1, 3
15, 2, 11, 0, 3
15, 2, 11, 1, 3
15, 2, 12, 0, 3
15, 2, 12, 1, 3
15, 2, 13, 0, 3
15, 2, 13, 1, 3
15, 2, 14, 0, 3
15, 2, 14, 1, 3
15, 2, 15, 0, 3
15, 2, 15, 1, 3
15, 2, 16, 0, 3
15, 2, 16, 1, 3
16, 15, 0, 2, 3
16, 15, 0, 3, 3
16, 15, 0, 4, 3
16, 15, 0, 5, 3
16, 15, 0, 6, 3
16, 15, 0, 7, 3
16, 15, 0, 8, 3
16, 15, 0, 9, 3
16, 15, 0, 10, 3
16, 15, 0, 11, 3
16, 15, 0, 12, 3
16, 15, 0, 13, 3
16, 15, 0, 14, 3
16, 15, 0, 15, 3
16, 15, 0, 16, 1
16, 15, 1, 2, 3
16, 15, 1, 3, 3
16, 15, 1, 4, 3
16, 15, 1, 5, 3
16, 15, 1, 6, 3
16, 15, 1, 7, 3
16, 15, 1, 8, 3
16, 15, 1, 9, 3
16, 15, 1, 10, 3
16, 15, 1, 11, 3
16, 15, 1, 12, 3
16, 15, 1, 13, 3
16, 15, 1, 14, 3
16, 15, 1, 15, 3
16, 15, 1, 16, 1
16, 2, 2, 0, 3
16, 2, 2, 1, 3
16, 2, 3, 0, 3
16, 2, 3, 1, 3
16, 2, 4, 0, 3
16, 2, 4, 1, 3
16, 2, 5, 0, 3
16, 2, 5, 1, 3
16, 2, 6, 0, 3
16, 2, 6, 1, 3
16, 2, 7, 0, 3
16, 2, 7, 1, 3
16, 2, 8, 0, 3
16, 2, 8, 1, 3
16, 2, 9, 0, 3
16, 2, 9, 1, 3
16, 2, 10, 0, 3
16, 2, 10, 1, 3
16, 2, 11, 0, 3
16, 2, 11, 1, 3
16, 2, 12, 0, 3
16, 2, 12, 1, 3
16, 2, 13, 0, 3
16, 2, 13, 1, 3
16, 2, 14, 0, 3
16, 2, 14, 1, 3
16, 2, 15, 0, 3
16, 2, 15, 1, 3
16, 2, 16, 0, 3
16, 2, 16, 1, 3
17, 15, 0, 2, 3
17, 15, 0, 3, 3
17, 15, 0, 4, 3
17, 15, 0, 5, 3
17, 15, 0, 6, 3
17, 15, 0, 7, 3
17, 15, 0, 8, 3
17, 15, 0, 9, 3
17, 15, 0, 10, 3
17, 15, 0, 11, 3
17, 15, 0, 12, 3
17, 15, 0, 13, 3
17, 15, 0, 14, 3
17, 15, 0, 15, 3
17, 15, 0, 16, 1
17, 15, 1, 2, 3
17, 15, 1, 3, 3
17, 15, 1, 4, 3
17, 15, 1, 5, 3
17, 15, 1, 6, 3
17, 15, 1, 7, 3
17, 15, 1, 8, 3
17, 15, 1, 9, 3
17, 15, 1, 10, 3
17, 15, 1, 11, 3
17, 15, 1, 12, 3
17, 15, 1, 13, 3
17, 15, 1, 14, 3
17, 15, 1, 15, 3
17, 15, 1, 16, 1
17, 2, 2, 0, 3
17, 2, 2, 1, 3
17, 2, 3, 0, 3
17, 2, 3, 1, 3
17, 2, 4, 0, 3
17, 2, 4, 1, 3
17, 2, 5, 0, 3
17, 2, 5, 1, 3
17, 2, 6, 0, 3
17, 2, 6, 1, 3
17, 2, 7, 0, 3
17, 2, 7, 1, 3
17, 2, 8, 0, 3
17, 2, 8, 1, 3
17, 2, 9, 0, 3
17, 2, 9, 1, 3
17, 2, 10, 0, 3
17, 2, 10, 1, 3
17, 2, 11, 0, 3
17, 2, 11, 1, 3
17, 2, 12, 0, 3
17, 2, 12, 1, 3
17, 2, 13, 0, 3
17, 2, 13, 1, 3
17, 2, 14, 0, 3
17, 2, 14, 1, 3
17, 2, 15, 0, 3
17, 2, 15, 1, 3
17, 2, 16, 0, 3
17, 2, 16, 1, 3
18, 15, 0, 2, 3
18, 15, 0, 3, 3
18, 15, 0, 4, 3
18, 15, 0, 5, 3
18, 15, 0, 6, 3
18, 15, 0, 7, 3
18, 15, 0, 8, 3
18, 15, 0, 9, 3
18, 15, 0, 10, 3
18, 15, 0, 11, 3
18, 15, 0, 12, 3
18, 15, 0, 13, 3
18, 15, 0, 14, 3
18, 15, 0, 15, 3
18, 15, 0, 16, 1
18, 15, 1, 2, 3
18, 15, 1, 3, 3
18, 15, 1, 4, 3
18, 15, 1, 5, 3
18, 15, 1, 6, 3
18, 15, 1, 7, 3
18, 15, 1, 8, 3
18, 15, 1, 9, 3
18, 15, 1, 10, 3
18, 15, 1, 11, 3
18, 15, 1, 12, 3
18, 15, 1, 13, 3
18, 15, 1, 14, 3
18, 15, 1, 15, 3
18, 15, 1, 16, 1
18, 2, 2, 0, 3
18, 2, 2, 1, 3
18, 2, 3, 0, 3
18, 2, 3, 1, 3
18, 2, 4, 0, 3
18, 2, 4, 1, 3
18, 2, 5, 0, 3
18, 2, 5, 1, 3
18, 2, 6, 0, 3
18, 2, 6, 1, 3
18, 2, 7, 0, 3
18, 2, 7, 1, 3
18, 2, 8, 0, 3
18, 2, 8, 1, 3
18, 2, 9, 0, 3
18, 2, 9, 1, 3
18, 2, 10, 0, 3
18, 2, 10, 1, 3
18, 2, 11, 0, 3
18, 2, 11, 1, 3
18, 2, 12, 0, 3
18, 2, 12, 1, 3
18, 2, 13, 0, 3
18, 2, 13, 1, 3
18, 2, 14, 0, 3
18, 2, 14, 1, 3
18, 2, 15, 0, 3
18, 2, 15, 1, 3
18, 2, 16, 0, 3
18, 2, 16, 1, 3
19, 15, 0, 2, 3
19, 15, 0, 3, 3
19, 15, 0, 4, 3
19, 15, 0, 5, 3
19, 15, 0, 6, 3
19, 15, 0, 7, 3
19, 15, 0, 8, 3
19, 15, 0, 9, 3
19, 15, 0, 10, 3
19, 15, 0, 11, 3
19, 15, 0, 12, 3
19, 15, 0, 13, 3
19, 15, 0, 14, 3
19, 15, 0, 15, 3
19, 15, 0, 16, 1
19, 15, 1, 2, 3
19, 15, 1, 3, 3
19, 15, 1, 4, 3
19, 15, 1, 5, 3
19, 15, 1, 6, 3
19, 15, 1, 7, 3
19, 15, 1, 8, 3
19, 15, 1, 9, 3
19, 15, 1, 10, 3
19, 15, 1, 11, 3
19, 15, 1, 12, 3
19, 15, 1, 13, 3
19, 15, 1, 14, 3
19, 15, 1, 15, 3
19, 15, 1, 16, 1
19, 2, 2, 0, 3
19, 2, 2, 1, 3
19, 2, 3, 0, 3
19, 2, 3, 1, 3
19, 2, 4, 0, 3
19, 2, 4, 1, 3
19, 2, 5, 0, 3
19, 2, 5, 1, 3
19, 2, 6, 0, 3
19, 2, 6, 1, 3
19, 2, 7, 0, 3
19, 2, 7, 1, 3
19, 2, 8, 0, 3
19, 2, 8, 1, 3
19, 2, 9, 0, 3
19, 2, 9, 1, 3
19, 2, 10, 0, 3
19, 2, 10, 1, 3
19, 2, 11, 0, 3
19, 2, 11, 1, 3
19, 2, 12, 0, 3
19, 2, 12, 1, 3
19, 2, 13, 0, 3
19, 2, 13, 1, 3
19, 2, 14, 0, 3
19, 2, 14, 1, 3
19, 2, 15, 0, 3
19, 2, 15, 1, 3
19, 2, 16, 0, 3
19, 2, 16, 1, 3
20, 58, 0, 1, 3
20, 58, 0, 1, 3
20, 58, 0, 1, 3
20, 58, 0, 1, 3
20, 58, 0, 1, 3
20, 58, 0, 1, 3
20, 58, 0, 1, 3
20, 58, 0, 1, 3
20, 58, 0, 1, 3
20, 58, 0, 1, 3
20, 58, 0, 1, 3
20, 58, 0, 1, 3
20, 58, 0, 1, 3
20, 58, 0, 1, 3
20, 58, 0, 1, 3
20, 58, 0, 1, 3
20, 58, 0, 1, 3
20, 58, 0, 1, 3
20, 58, 0, 1, 3
20, 58, 0, 1, 3
20, 58, 0, 1, 3
20, 58, 0, 1, 3
20, 58, 0, 1, 3
20, 58, 0, 1, 3
20, 58, 0, 1, 3
20, 58, 0, 1, 3
20, 58, 0, 1, 3
20, 58, 0, 1, 3
20, 58, 0, 1, 3
20, 58, 0, 1, 3
20, 58, 0, 1, 3
20, 58, 0, 1, 3
20, 58, 0, 1, 3
20, 58, 0, 1, 3
20, 58, 0, 1, 3
20, 58, 0, 1, 3
20, 58, 0, 1, 3
20, 58, 0, 1, 3
20, 58, 0, 1, 3
20, 58, 0, 1, 3
20, 58, 0, 1, 3
20, 58, 0, 1, 3
20, 58, 0, 1, 3
20, 58, 0, 1, 3
20, 58, 0, 1, 3
20, 58, 0, 1, 3
20, 58, 0, 1, 3
20, 58, 0, 1, 3
20, 58, 0, 1, 3
20, 58, 0, 1, 3
20, 58, 0, 1, 3
20, 58, 0, 1, 3
20, 58, 0, 1, 3
20, 58, 0, 1, 3
20, 58, 0, 1, 3
20, 58, 0, 1, 3
20, 58, 0, 1, 3
20, 58, 0, 1, 3
20, 30, 1, 0, 2
20, 30, 1, 0, 2
20, 30, 1, 0, 4
20, 30, 1, 0, 4
20, 30, 1, 0, 4
20, 30, 1, 0, 4
20, 30, 1, 0, 4
20, 30, 1, 0, 4
20, 30, 1, 0, 4
20, 30, 1, 0, 4
20, 30, 1, 0, 4
20, 30, 1, 0, 4
20, 30, 1, 0, 4
20, 30, 1, 0, 4
20, 30, 1, 0, 4
20, 30, 1, 0, 4
20, 30, 1, 0, 4
20, 30, 1, 0, 4
20, 30, 1, 0, 4
20, 30, 1, 0, 4
20, 30, 1, 0, 4
20, 30, 1, 0, 4
20, 30, 1, 0, 4
20, 30, 1, 0, 4
20, 30, 1, 0, 4
20, 30, 1, 0, 4
20, 30, 1, 0, 4
20, 30, 1, 0, 4
20, 30, 1, 0, 4
20, 30, 1, 0, 4
21, 58, 0, 1, 3
21, 58, 0, 1, 3
21, 58, 0, 1, 3
21, 58, 0, 1, 3
21, 58, 0, 1, 3
21, 58, 0, 1, 3
21, 58, 0, 1, 3
21, 58, 0, 1, 3
21, 58, 0, 1, 3
21, 58, 0, 1, 3
21, 58, 0, 1, 3
21, 58, 0, 1, 3
21, 58, 0, 1, 3
21, 58, 0, 1, 3
21, 58, 0, 1, 3
21, 58, 0, 1, 3
21, 58, 0, 1, 3
21, 58, 0, 1, 3
21, 58, 0, 1, 3
21, 58, 0, 1, 3
21, 58, 0, 1, 3
21, 58, 0, 1, 3
21, 58, 0, 1, 3
21, 58, 0, 1, 3
21, 58, 0, 1, 3
21, 58, 0, 1, 3
21, 58, 0, 1, 3
21, 58, 0, 1, 3
21, 58, 0, 1, 3
21, 58, 0, 1, 3
21, 58, 0, 1, 3
21, 58, 0, 1, 3
21, 58, 0, 1, 3
21, 58, 0, 1, 3
21, 58, 0, 1, 3
21, 58, 0, 1, 3
21, 58, 0, 1, 3
21, 58, 0, 1, 3
21, 58, 0, 1, 3
21, 58, 0, 1, 3
21, 58, 0, 1, 3
21, 58, 0, 1, 3
21, 58, 0, 1, 3
21, 58, 0, 1, 3
21, 58, 0, 1, 3
21, 58, 0, 1, 3
21, 58, 0, 1, 3
21, 58, 0, 1, 3
21, 58, 0, 1, 3
21, 58, 0, 1, 3
21, 58, 0, 1, 3
21, 58, 0, 1, 3
21, 58, 0, 1, 3
21, 58, 0, 1, 3
21, 58, 0, 1, 3
21, 58, 0, 1, 3
21, 58, 0, 1, 3
21, 58, 0, 1, 3
21, 30, 1, 0, 2
21, 30, 1, 0, 2
21, 30, 1, 0, 4
21, 30, 1, 0, 4
21, 30, 1, 0, 4
21, 30, 1, 0, 4
21, 30, 1, 0, 4
21, 30, 1, 0, 4
21, 30, 1, 0, 4
21, 30, 1, 0, 4
21, 30, 1, 0, 4
21, 30, 1, 0, 4
21, 30, 1, 0, 4
21, 30, 1, 0, 4
21, 30, 1, 0, 4
21, 30, 1, 0, 4
21, 30, 1, 0, 4
21, 30, 1, 0, 4
21, 30, 1, 0, 4
21, 30, 1, 0, 4
21, 30, 1, 0, 4
21, 30, 1, 0, 4
21, 30, 1, 0, 4
21, 30, 1, 0, 4
21, 30, 1, 0, 4
21, 30, 1, 0, 4
21, 30, 1, 0, 4
21, 30, 1, 0, 4
21, 30, 1, 0, 4
21, 30, 1, 0, 4
22, 58, 0, 1, 3
22, 58, 0, 1, 3
22, 58, 0, 1, 3
22, 58, 0, 1, 3
22, 58, 0, 1, 3
22, 58, 0, 1, 3
22, 58, 0, 1, 3
22, 58, 0, 1, 3
22, 58, 0, 1, 3
22, 58, 0, 1, 3
22, 58, 0, 1, 3
22, 58, 0, 1, 3
22, 58, 0, 1, 3
22, 58, 0, 1, 3
22, 58, 0, 1, 3
22, 58, 0, 1, 3
22, 58, 0, 1, 3
22, 58, 0, 1, 3
22, 58, 0, 1, 3
22, 58, 0, 1, 3
22, 58, 0, 1, 3
22, 58, 0, 1, 3
22, 58, 0, 1, 3
22, 58, 0, 1, 3
22, 58, 0, 1, 3
22, 58, 0, 1, 3
22, 58, 0, 1, 3
22, 58, 0, 1, 3
22, 58, 0, 1, 3
22, 58, 0, 1, 3
22, 58, 0, 1, 3
22, 58, 0, 1, 3
22, 58, 0, 1, 3
22, 58, 0, 1, 3
22, 58, 0, 1, 3
22, 58, 0, 1, 3
22, 58, 0, 1, 3
22, 58, 0, 1, 3
22, 58, 0, 1, 3
22, 58, 0, 1, 3
22, 58, 0, 1, 3
22, 58, 0, 1, 3
22, 58, 0, 1, 3
22, 58, 0, 1, 3
22, 58, 0, 1, 3
22, 58, 0, 1, 3
22, 58, 0, 1, 3
22, 58, 0, 1, 3
22, 58, 0, 1, 3
22, 58, 0, 1, 3
22, 58, 0, 1, 3
22, 58, 0, 1, 3
22, 58, 0, 1, 3
22, 58, 0, 1, 3
22, 58, 0, 1, 3
22, 58, 0, 1, 3
22, 58, 0, 1, 3
22, 58, 0, 1, 3
22, 30, 1, 0, 2
22, 30, 1, 0, 2
22, 30, 1, 0, 4
22, 30, 1, 0, 4
22, 30, 1, 0, 4
22, 30, 1, 0, 4
22, 30, 1, 0, 4
22, 30, 1, 0, 4
22, 30, 1, 0, 4
22, 30, 1, 0, 4
22, 30, 1, 0, 4
22, 30, 1, 0, 4
22, 30, 1, 0, 4
22, 30, 1, 0, 4
22, 30, 1, 0, 4
22, 30, 1, 0, 4
22, 30, 1, 0, 4
22, 30, 1, 0, 4
22, 30, 1, 0, 4
22, 30, 1, 0, 4
22, 30, 1, 0, 4
22, 30, 1, 0, 4
22, 30, 1, 0, 4
22, 30, 1, 0, 4
22, 30, 1, 0, 4
22, 30, 1, 0, 4
22, 30, 1, 0, 4
22, 30, 1, 0, 4
22, 30, 1, 0, 4
22, 30, 1, 0, 4
23, 58, 0, 1, 3
23, 58, 0, 1, 3
23, 58, 0, 1, 3
23, 58, 0, 1, 3
23, 58, 0, 1, 3
23, 58, 0, 1, 3
23, 58, 0, 1, 3
23, 58, 0, 1, 3
23, 58, 0, 1, 3
23, 58, 0, 1, 3
23, 58, 0, 1, 3
23, 58, 0, 1, 3
23, 58, 0, 1, 3
23, 58, 0, 1, 3
23, 58, 0, 1, 3
23, 58, 0, 1, 3
23, 58, 0, 1, 3
23, 58, 0, 1, 3
23, 58, 0, 1, 3
23, 58, 0, 1, 3
23, 58, 0, 1, 3
23, 58, 0, 1, 3
23, 58, 0, 1, 3
23, 58, 0, 1, 3
23, 58, 0, 1, 3
23, 58, 0, 1, 3
23, 58, 0, 1, 3
23, 58, 0, 1, 3
23, 58, 0, 1, 3
23, 58, 0, 1, 3
23, 58, 0, 1, 3
23, 58, 0, 1, 3
23, 58, 0, 1, 3
23, 58, 0, 1, 3
23, 58, 0, 1, 3
23, 58, 0, 1, 3
23, 58, 0, 1, 3
23, 58, 0, 1, 3
23, 58, 0, 1, 3
23, 58, 0, 1, 3
23, 58, 0, 1, 3
23, 58, 0, 1, 3
23, 58, 0, 1, 3
23, 58, 0, 1, 3
23, 58, 0, 1, 3
23, 58, 0, 1, 3
23, 58, 0, 1, 3
23, 58, 0, 1, 3
23, 58, 0, 1, 3
23, 58, 0, 1, 3
23, 58, 0, 1, 3
23, 58, 0, 1, 3
23, 58, 0, 1, 3
23, 58, 0, 1, 3
23, 58, 0, 1, 3
23, 58, 0, 1, 3
23, 58, 0, 1, 3
23, 58, 0, 1, 3
23, 30, 1, 0, 2
23, 30, 1, 0, 2
23, 30, 1, 0, 4
23, 30, 1, 0, 4
23, 30, 1, 0, 4
23, 30, 1, 0, 4
23, 30, 1, 0, 4
23, 30, 1, 0, 4
23, 30, 1, 0, 4
23, 30, 1, 0, 4
23, 30, 1, 0, 4
23, 30, 1, 0, 4
23, 30, 1, 0, 4
23, 30, 1, 0, 4
23, 30, 1, 0, 4
23, 30, 1, 0, 4
23, 30, 1, 0, 4
23, 30, 1, 0, 4
23, 30, 1, 0, 4
23, 30, 1, 0, 4
23, 30, 1, 0, 4
23, 30, 1, 0, 4
23, 30, 1, 0, 4
23, 30, 1, 0, 4
23, 30, 1, 0, 4
23, 30, 1, 0, 4
23, 30, 1, 0, 4
23, 30, 1, 0, 4
23, 30, 1, 0, 4
23, 30, 1, 0, 4
24, 58, 0, 1, 3
24, 58, 0, 1, 3
24, 58, 0, 1, 3
24, 58, 0, 1, 3
24, 58, 0, 1, 3
24, 58, 0, 1, 3
24, 58, 0, 1, 3
24, 58, 0, 1, 3
24, 58, 0, 1, 3
24, 58, 0, 1, 3
24, 58, 0, 1, 3
24, 58, 0, 1, 3
24, 58, 0, 1, 3
24, 58, 0, 1, 3
24, 58, 0, 1, 3
24, 58, 0, 1, 3
24, 58, 0, 1, 3
24, 58, 0, 1, 3
24, 58, 0, 1, 3
24, 58, 0, 1, 3
24, 58, 0, 1, 3
24, 58, 0, 1, 3
24, 58, 0, 1, 3
24, 58, 0, 1, 3
24, 58, 0, 1, 3
24, 58, 0, 1, 3
24, 58, 0, 1, 3
24, 58, 0, 1, 3
24, 58, 0, 1, 3
24, 58, 0, 1, 3
24, 58, 0, 1, 3
24, 58, 0, 1, 3
24, 58, 0, 1, 3
24, 58, 0, 1, 3
24, 58, 0, 1, 3
24, 58, 0, 1, 3
24, 58, 0, 1, 3
24, 58, 0, 1, 3
24, 58, 0, 1, 3
24, 58, 0, 1, 3
24, 58, 0, 1, 3
24, 58, 0, 1, 3
24, 58, 0, 1, 3
24, 58, 0, 1, 3
24, 58, 0, 1, 3
24, 58, 0, 1, 3
24, 58, 0, 1, 3
24, 58, 0, 1, 3
24, 58, 0, 1, 3
24, 58, 0, 1, 3
24, 58, 0, 1, 3
24, 58, 0, 1, 3
24, 58, 0, 1, 3
24, 58, 0, 1, 3
24, 58, 0, 1, 3
24, 58, 0, 1, 3
24, 58, 0, 1, 3
24, 58, 0, 1, 3
24, 30, 1, 0, 2
24, 30, 1, 0, 2
24, 30, 1, 0, 4
24, 30, 1, 0, 4
24, 30, 1, 0, 4
24, 30, 1, 0, 4
24, 30, 1, 0, 4
24, 30, 1, 0, 4
24, 30, 1, 0, 4
24, 30, 1, 0, 4
24, 30, 1, 0, 4
24, 30, 1, 0, 4
24, 30, 1, 0, 4
24, 30, 1, 0, 4
24, 30, 1, 0, 4
24, 30, 1, 0, 4
24, 30, 1, 0, 4
24, 30, 1, 0, 4
24, 30, 1, 0, 4
24, 30, 1, 0, 4
24, 30, 1, 0, 4
24, 30, 1, 0, 4
24, 30, 1, 0, 4
24, 30, 1, 0, 4
24, 30, 1, 0, 4
24, 30, 1, 0, 4
24, 30, 1, 0, 4
24, 30, 1, 0, 4
24, 30, 1, 0, 4
24, 30, 1, 0, 4
25, 58, 0, 1, 3
25, 58, 0, 1, 3
25, 58, 0, 1, 3
25, 58, 0, 1, 3
25, 58, 0, 1, 3
25, 58, 0, 1, 3
25, 58, 0, 1, 3
25, 58, 0, 1, 3
25, 58, 0, 1, 3
25, 58, 0, 1, 3
25, 58, 0, 1, 3
25, 58, 0, 1, 3
25, 58, 0, 1, 3
25, 58, 0, 1, 3
25, 58, 0, 1, 3
25, 58, 0, 1, 3
25, 58, 0, 1, 3
25, 58, 0, 1, 3
25, 58, 0, 1, 3
25, 58, 0, 1, 3
25, 58, 0, 1, 3
25, 58, 0, 1, 3
25, 58, 0, 1, 3
25, 58, 0, 1, 3
25, 58, 0, 1, 3
25, 58, 0, 1, 3
25, 58, 0, 1, 3
25, 58, 0, 1, 3
25, 58, 0, 1, 3
25, 58, 0, 1, 3
25, 58, 0, 1, 3
25, 58, 0, 1, 3
25, 58, 0, 1, 3
25, 58, 0, 1, 3
25, 58, 0, 1, 3
25, 58, 0, 1, 3
25, 58, 0, 1, 3
25, 58, 0, 1, 3
25, 58, 0, 1, 3
25, 58, 0, 1, 3
25, 58, 0, 1, 3
25, 58, 0, 1, 3
25, 58, 0, 1, 3
25, 58, 0, 1, 3
25, 58, 0, 1, 3
25, 58, 0, 1, 3
25, 58, 0, 1, 3
25, 58, 0, 1, 3
25, 58, 0, 1, 3
25, 58, 0, 1, 3
25, 58, 0, 1, 3
25, 58, 0, 1, 3
25, 58, 0, 1, 3
25, 58, 0, 1, 3
25, 58, 0, 1, 3
25, 58, 0, 1, 3
25, 58, 0, 1, 3
25, 58, 0, 1, 3
25, 30, 1, 0, 2
25, 30, 1, 0, 2
25, 30, 1, 0, 4
25, 30, 1, 0, 4
25, 30, 1, 0, 4
25, 30, 1, 0, 4
25, 30, 1, 0, 4
25, 30, 1, 0, 4
25, 30, 1, 0, 4
25, 30, 1, 0, 4
25, 30, 1, 0, 4
25, 30, 1, 0, 4
25, 30, 1, 0, 4
25, 30, 1, 0, 4
25, 30, 1, 0, 4
25, 30, 1, 0, 4
25, 30, 1, 0, 4
25, 30, 1, 0, 4
25, 30, 1, 0, 4
25, 30, 1, 0, 4
25, 30, 1, 0, 4
25, 30, 1, 0, 4
25, 30, 1, 0, 4
25, 30, 1, 0, 4
25, 30, 1, 0, 4
25, 30, 1, 0, 4
25, 30, 1, 0, 4
25, 30, 1, 0, 4
25, 30, 1, 0, 4
25, 30, 1, 0, 4
26, 58, 0, 1, 3
26, 58, 0, 1, 3
26, 58, 0, 1, 3
26, 58, 0, 1, 3
26, 58, 0, 1, 3
26, 58, 0, 1, 3
26, 58, 0, 1, 3
26, 58, 0, 1, 3
26, 58, 0, 1, 3
26, 58, 0, 1, 3
26, 58, 0, 1, 3
26, 58, 0, 1, 3
26, 58, 0, 1, 3
26, 58, 0, 1, 3
26, 58, 0, 1, 3
26, 58, 0, 1, 3
26, 58, 0, 1, 3
26, 58, 0, 1, 3
26, 58, 0, 1, 3
26, 58, 0, 1, 3
26, 58, 0, 1, 3
26, 58, 0, 1, 3
26, 58, 0, 1, 3
26, 58, 0, 1, 3
26, 58, 0, 1, 3
26, 58, 0, 1, 3
26, 58, 0, 1, 3
26, 58, 0, 1, 3
26, 58, 0, 1, 3
26, 58, 0, 1, 3
26, 58, 0, 1, 3
26, 58, 0, 1, 3
26, 58, 0, 1, 3
26, 58, 0, 1, 3
26, 58, 0, 1, 3
26, 58, 0, 1, 3
26, 58, 0, 1, 3
26, 58, 0, 1, 3
26, 58, 0, 1, 3
26, 58, 0, 1, 3
26, 58, 0, 1, 3
26, 58, 0, 1, 3
26, 58, 0, 1, 3
26, 58, 0, 1, 3
26, 58, 0, 1, 3
26, 58, 0, 1, 3
26, 58, 0, 1, 3
26, 58, 0, 1, 3
26, 58, 0, 1, 3
26, 58, 0, 1, 3
26, 58, 0, 1, 3
26, 58, 0, 1, 3
26, 58, 0, 1, 3
26, 58, 0, 1, 3
26, 58, 0, 1, 3
26, 58, 0, 1, 3
26, 58, 0, 1, 3
26, 58, 0, 1, 3
26, 30, 1, 0, 2
26, 30, 1, 0, 2
26, 30, 1, 0, 4
26, 30, 1, 0, 4
26, 30, 1, 0, 4
26, 30, 1, 0, 4
26, 30, 1, 0, 4
26, 30, 1, 0, 4
26, 30, 1, 0, 4
26, 30, 1, 0, 4
26, 30, 1, 0, 4
26, 30, 1, 0, 4
26, 30, 1, 0, 4
26, 30, 1, 0, 4
26, 30, 1, 0, 4
26, 30, 1, 0, 4
26, 30, 1, 0, 4
26, 30, 1, 0, 4
26, 30, 1, 0, 4
26, 30, 1, 0, 4
26, 30, 1, 0, 4
26, 30, 1, 0, 4
26, 30, 1, 0, 4
26, 30, 1, 0, 4
26, 30, 1, 0, 4
26, 30, 1, 0, 4
26, 30, 1, 0, 4
26, 30, 1, 0, 4
26, 30, 1, 0, 4
26, 30, 1, 0, 4
27, 58, 0, 1, 3
27, 58, 0, 1, 3
27, 58, 0, 1, 3
27, 58, 0, 1, 3
27, 58, 0, 1, 3
27, 58, 0, 1, 3
27, 58, 0, 1, 3
27, 58, 0, 1, 3
27, 58, 0, 1, 3
27, 58, 0, 1, 3
27, 58, 0, 1, 3
27, 58, 0, 1, 3
27, 58, 0, 1, 3
27, 58, 0, 1, 3
27, 58, 0, 1, 3
27, 58, 0, 1, 3
27, 58, 0, 1, 3
27, 58, 0, 1, 3
27, 58, 0, 1, 3
27, 58, 0, 1, 3
27, 58, 0, 1, 3
27, 58, 0, 1, 3
27, 58, 0, 1, 3
27, 58, 0, 1, 3
27, 58, 0, 1, 3
27, 58, 0, 1, 3
27, 58, 0, 1, 3
27, 58, 0, 1, 3
27, 58, 0, 1, 3
27, 58, 0, 1, 3
27, 58, 0, 1, 3
27, 58, 0, 1, 3
27, 58, 0, 1, 3
27, 58, 0, 1, 3
27, 58, 0, 1, 3
27, 58, 0, 1, 3
27, 58, 0, 1, 3
27, 58, 0, 1, 3
27, 58, 0, 1, 3
27, 58, 0, 1, 3
27, 58, 0, 1, 3
27, 58, 0, 1, 3
27, 58, 0, 1, 3
27, 58, 0, 1, 3
27, 58, 0, 1, 3
27, 58, 0, 1, 3
27, 58, 0, 1, 3
27, 58, 0, 1, 3
27, 58, 0, 1, 3
27, 58, 0, 1, 3
27, 58, 0, 1, 3
27, 58, 0, 1, 3
27, 58, 0, 1, 3
27, 58, 0, 1, 3
27, 58, 0, 1, 3
27, 58, 0, 1, 3
27, 58, 0, 1, 3
27, 58, 0, 1, 3
27, 30, 1, 0, 2
27, 30, 1, 0, 2
27, 30, 1, 0, 4
27, 30, 1, 0, 4
27, 30, 1, 0, 4
27, 30, 1, 0, 4
27, 30, 1, 0, 4
27, 30, 1, 0, 4
27, 30, 1, 0, 4
27, 30, 1, 0, 4
27, 30, 1, 0, 4
27, 30, 1, 0, 4
27, 30, 1, 0, 4
27, 30, 1, 0, 4
27, 30, 1, 0, 4
27, 30, 1, 0, 4
27, 30, 1, 0, 4
27, 30, 1, 0, 4
27, 30, 1, 0, 4
27, 30, 1, 0, 4
27, 30, 1, 0, 4
27, 30, 1, 0, 4
27, 30, 1, 0, 4
27, 30, 1, 0, 4
27, 30, 1, 0, 4
27, 30, 1, 0, 4
27, 30, 1, 0, 4
27, 30, 1, 0, 4
27, 30, 1, 0, 4
27, 30, 1, 0, 4
28, 58, 0, 1, 3
28, 58, 0, 1, 3
28, 58, 0, 1, 3
28, 58, 0, 1, 3
28, 58, 0, 1, 3
28, 58, 0, 1, 3
28, 58, 0, 1, 3
28, 58, 0, 1, 3
28, 58, 0, 1, 3
28, 58, 0, 1, 3
28, 58, 0, 1, 3
28, 58, 0, 1, 3
28, 58, 0, 1, 3
28, 58, 0, 1, 3
28, 58, 0, 1, 3
28, 58, 0, 1, 3
28, 58, 0, 1, 3
28, 58, 0, 1, 3
28, 58, 0, 1, 3
28, 58, 0, 1, 3
28, 58, 0, 1, 3
28, 58, 0, 1, 3
28, 58, 0, 1, 3
28, 58, 0, 1, 3
28, 58, 0, 1, 3
28, 58, 0, 1, 3
28, 58, 0, 1, 3
28, 58, 0, 1, 3
28, 58, 0, 1, 3
28, 58, 0, 1, 3
28, 58, 0, 1, 3
28, 58, 0, 1, 3
28, 58, 0, 1, 3
28, 58, 0, 1, 3
28, 58, 0, 1, 3
28, 58, 0, 1, 3
28, 58, 0, 1, 3
28, 58, 0, 1, 3
28, 58, 0, 1, 3
28, 58, 0, 1, 3
28, 58, 0, 1, 3
28, 58, 0, 1, 3
28, 58, 0, 1, 3
28, 58, 0, 1, 3
28, 58, 0, 1, 3
28, 58, 0, 1, 3
28, 58, 0, 1, 3
28, 58, 0, 1, 3
28, 58, 0, 1, 3
28, 58, 0, 1, 3
28, 58, 0, 1, 3
28, 58, 0, 1, 3
28, 58, 0, 1, 3
28, 58, 0, 1, 3
28, 58, 0, 1, 3
28, 58, 0, 1, 3
28, 58, 0, 1, 3
28, 58, 0, 1, 3
28, 30, 1, 0, 2
28, 30, 1, 0, 2
28, 30, 1, 0, 4
28, 30, 1, 0, 4
28, 30, 1, 0, 4
28, 30, 1, 0, 4
28, 30, 1, 0, 4
28, 30, 1, 0, 4
28, 30, 1, 0, 4
28, 30, 1, 0, 4
28, 30, 1, 0, 4
28, 30, 1, 0, 4
28, 30, 1, 0, 4
28, 30, 1, 0, 4
28, 30, 1, 0, 4
28, 30, 1, 0, 4
28, 30, 1, 0, 4
28, 30, 1, 0, 4
28, 30, 1, 0, 4
28, 30, 1, 0, 4
28, 30, 1, 0, 4
28, 30, 1, 0, 4
28, 30, 1, 0, 4
28, 30, 1, 0, 4
28, 30, 1, 0, 4
28, 30, 1, 0, 4
28, 30, 1, 0, 4
28, 30, 1, 0, 4
28, 30, 1, 0, 4
28, 30, 1, 0, 4
29, 58, 0, 1, 3
29, 58, 0, 1, 3
29, 58, 0, 1, 3
29, 58, 0, 1, 3
29, 58, 0, 1, 3
29, 58, 0, 1, 3
29, 58, 0, 1, 3
29, 58, 0, 1, 3
29, 58, 0, 1, 3
29, 58, 0, 1, 3
29, 58, 0, 1, 3
29, 58, 0, 1, 3
29, 58, 0, 1, 3
29, 58, 0, 1, 3
29, 58, 0, 1, 3
29, 58, 0, 1, 3
29, 58, 0, 1, 3
29, 58, 0, 1, 3
29, 58, 0, 1, 3
29, 58, 0, 1, 3
29, 58, 0, 1, 3
29, 58, 0, 1, 3
29, 58, 0, 1, 3
29, 58, 0, 1, 3
29, 58, 0, 1, 3
29, 58, 0, 1, 3
29, 58, 0, 1, 3
29, 58, 0, 1, 3
29, 58, 0, 1, 3
29, 58, 0, 1, 3
29, 58, 0, 1, 3
29, 58, 0, 1, 3
29, 58, 0, 1, 3
29, 58, 0, 1, 3
29, 58, 0, 1, 3
29, 58, 0, 1, 3
29, 58, 0, 1, 3
29, 58, 0, 1, 3
29, 58, 0, 1, 3
29, 58, 0, 1, 3
29, 58, 0, 1, 3
29, 58, 0, 1, 3
29, 58, 0, 1, 3
29, 58, 0, 1, 3
29, 58, 0, 1, 3
29, 58, 0, 1, 3
29, 58, 0, 1, 3
29, 58, 0, 1, 3
29, 58, 0, 1, 3
29, 58, 0, 1, 3
29, 58, 0, 1, 3
29, 58, 0, 1, 3
29, 58, 0, 1, 3
29, 58, 0, 1, 3
29, 58, 0, 1, 3
29, 58, 0, 1, 3
29, 58, 0, 1, 3
29, 58, 0, 1, 3
29, 30, 1, 0, 2
29, 30, 1, 0, 2
29, 30, 1, 0, 4
29, 30, 1, 0, 4
29, 30, 1, 0, 4
29, 30, 1, 0, 4
29, 30, 1, 0, 4
29, 30, 1, 0, 4
29, 30, 1, 0, 4
29, 30, 1, 0, 4
29, 30, 1, 0, 4
29, 30, 1, 0, 4
29, 30, 1, 0, 4
29, 30, 1, 0, 4
29, 30, 1, 0, 4
29, 30, 1, 0, 4
29, 30, 1, 0, 4
29, 30, 1, 0, 4
29, 30, 1, 0, 4
29, 30, 1, 0, 4
29, 30, 1, 0, 4
29, 30, 1, 0, 4
29, 30, 1, 0, 4
29, 30, 1, 0, 4
29, 30, 1, 0, 4
29, 30, 1, 0, 4
29, 30, 1, 0, 4
29, 30, 1, 0, 4
29, 30, 1, 0, 4
29, 30, 1, 0, 4
30, 58, 0, 1, 3
30, 58, 0, 1, 3
30, 58, 0, 1, 3
30, 58, 0, 1, 3
30, 58, 0, 1, 3
30, 58, 0, 1, 3
30, 58, 0, 1, 3
30, 58, 0, 1, 3
30, 58, 0, 1, 3
30, 58, 0, 1, 3
30, 58, 0, 1, 3
30, 58, 0, 1, 3
30, 58, 0, 1, 3
30, 58, 0, 1, 3
30, 58, 0, 1, 3
30, 58, 0, 1, 3
30, 58, 0, 1, 3
30, 58, 0, 1, 3
30, 58, 0, 1, 3
30, 58, 0, 1, 3
30, 58, 0, 1, 3
30, 58, 0, 1, 3
30, 58, 0, 1, 3
30, 58, 0, 1, 3
30, 58, 0, 1, 3
30, 58, 0, 1, 3
30, 58, 0, 1, 3
30, 58, 0, 1, 3
30, 58, 0, 1, 3
30, 58, 0, 1, 3
30, 58, 0, 1, 3
30, 58, 0, 1, 3
30, 58, 0, 1, 3
30, 58, 0, 1, 3
30, 58, 0, 1, 3
30, 58, 0, 1, 3
30, 58, 0, 1, 3
30, 58, 0, 1, 3
30, 58, 0, 1, 3
30, 58, 0, 1, 3
30, 58, 0, 1, 3
30, 58, 0, 1, 3
30, 58, 0, 1, 3
30, 58, 0, 1, 3
30, 58, 0, 1, 3
30, 58, 0, 1, 3
30, 58, 0, 1, 3
30, 58, 0, 1, 3
30, 58, 0, 1, 3
30, 58, 0, 1, 3
30, 58, 0, 1, 3
30, 58, 0, 1, 3
30, 58, 0, 1, 3
30, 58, 0, 1, 3
30, 58, 0, 1, 3
30, 58, 0, 1, 3
30, 58, 0, 1, 3
30, 58, 0, 1, 3
30, 30, 1, 0, 2
30, 30, 1, 0, 2
30, 30, 1, 0, 4
30, 30, 1, 0, 4
30, 30, 1, 0, 4
30, 30, 1, 0, 4
30, 30, 1, 0, 4
30, 30, 1, 0, 4
30, 30, 1, 0, 4
30, 30, 1, 0, 4
30, 30, 1, 0, 4
30, 30, 1, 0, 4
30, 30, 1, 0, 4
30, 30, 1, 0, 4
30, 30, 1, 0, 4
30, 30, 1, 0, 4
30, 30, 1, 0, 4
30, 30, 1, 0, 4
30, 30, 1, 0, 4
30, 30, 1, 0, 4
30, 30, 1, 0, 4
30, 30, 1, 0, 4
30, 30, 1, 0, 4
30, 30, 1, 0, 4
30, 30, 1, 0, 4
30, 30, 1, 0, 4
30, 30, 1, 0, 4
30, 30, 1, 0, 4
30, 30, 1, 0, 4
30, 30, 1, 0, 4
31, 58, 0, 1, 3
31, 58, 0, 1, 3
31, 58, 0, 1, 3
31, 58, 0, 1, 3
31, 58, 0, 1, 3
31, 58, 0, 1, 3
31, 58, 0, 1, 3
31, 58, 0, 1, 3
31, 58, 0, 1, 3
31, 58, 0, 1, 3
31, 58, 0, 1, 3
31, 58, 0, 1, 3
31, 58, 0, 1, 3
31, 58, 0, 1, 3
31, 58, 0, 1, 3
31, 58, 0, 1, 3
31, 58, 0, 1, 3
31, 58, 0, 1, 3
31, 58, 0, 1, 3
31, 58, 0, 1, 3
31, 58, 0, 1, 3
31, 58, 0, 1, 3
31, 58, 0, 1, 3
31, 58, 0, 1, 3
31, 58, 0, 1, 3
31, 58, 0, 1, 3
31, 58, 0, 1, 3
31, 58, 0, 1, 3
31, 58, 0, 1, 3
31, 58, 0, 1, 3
31, 58, 0, 1, 3
31, 58, 0, 1, 3
31, 58, 0, 1, 3
31, 58, 0, 1, 3
31, 58, 0, 1, 3
31, 58, 0, 1, 3
31, 58, 0, 1, 3
31, 58, 0, 1, 3
31, 58, 0, 1, 3
31, 58, 0, 1, 3
31, 58, 0, 1, 3
31, 58, 0, 1, 3
31, 58, 0, 1, 3
31, 58, 0, 1, 3
31, 58, 0, 1, 3
31, 58, 0, 1, 3
31, 58, 0, 1, 3
31, 58, 0, 1, 3
31, 58, 0, 1, 3
31, 58, 0, 1, 3
31, 58, 0, 1, 3
31, 58, 0, 1, 3
31, 58, 0, 1, 3
31, 58, 0, 1, 3
31, 58, 0, 1, 3
31, 58, 0, 1, 3
31, 58, 0, 1, 3
31, 58, 0, 1, 3
31, 30, 1, 0, 2
31, 30, 1, 0, 2
31, 30, 1, 0, 4
31, 30, 1, 0, 4
31, 30, 1, 0, 4
31, 30, 1, 0, 4
31, 30, 1, 0, 4
31, 30, 1, 0, 4
31, 30, 1, 0, 4
31, 30, 1, 0, 4
31, 30, 1, 0, 4
31, 30, 1, 0, 4
31, 30, 1, 0, 4
31, 30, 1, 0, 4
31, 30, 1, 0, 4
31, 30, 1, 0, 4
31, 30, 1, 0, 4
31, 30, 1, 0, 4
31, 30, 1, 0, 4
31, 30, 1, 0, 4
31, 30, 1, 0, 4
31, 30, 1, 0, 4
31, 30, 1, 0, 4
31, 30, 1, 0, 4
31, 30, 1, 0, 4
31, 30, 1, 0, 4
31, 30, 1, 0, 4
31, 30, 1, 0, 4
31, 30, 1, 0, 4
31, 30, 1, 0, 4
32, 58, 0, 1, 3
32, 58, 0, 1, 3
32, 58, 0, 1, 3
32, 58, 0, 1, 3
32, 58, 0, 1, 3
32, 58, 0, 1, 3
32, 58, 0, 1, 3
32, 58, 0, 1, 3
32, 58, 0, 1, 3
32, 58, 0, 1, 3
32, 58, 0, 1, 3
32, 58, 0, 1, 3
32, 58, 0, 1, 3
32, 58, 0, 1, 3
32, 58, 0, 1, 3
32, 58, 0, 1, 3
32, 58, 0, 1, 3
32, 58, 0, 1, 3
32, 58, 0, 1, 3
32, 58, 0, 1, 3
32, 58, 0, 1, 3
32, 58, 0, 1, 3
32, 58, 0, 1, 3
32, 58, 0, 1, 3
32, 58, 0, 1, 3
32, 58, 0, 1, 3
32, 58, 0, 1, 3
32, 58, 0, 1, 3
32, 58, 0, 1, 3
32, 58, 0, 1, 3
32, 58, 0, 1, 3
32, 58, 0, 1, 3
32, 58, 0, 1, 3
32, 58, 0, 1, 3
32, 58, 0, 1, 3
32, 58, 0, 1, 3
32, 58, 0, 1, 3
32, 58, 0, 1, 3
32, 58, 0, 1, 3
32, 58, 0, 1, 3
32, 58, 0, 1, 3
32, 58, 0, 1, 3
32, 58, 0, 1, 3
32, 58, 0, 1, 3
32, 58, 0, 1, 3
32, 58, 0, 1, 3
32, 58, 0, 1, 3
32, 58, 0, 1, 3
32, 58, 0, 1, 3
32, 58, 0, 1, 3
32, 58, 0, 1, 3
32, 58, 0, 1, 3
32, 58, 0, 1, 3
32, 58, 0, 1, 3
32, 58, 0, 1, 3
32, 58, 0, 1, 3
32, 58, 0, 1, 3
32, 58, 0, 1, 3
32, 30, 1, 0, 2
32, 30, 1, 0, 2
32, 30, 1, 0, 4
32, 30, 1, 0, 4
32, 30, 1, 0, 4
32, 30, 1, 0, 4
32, 30, 1, 0, 4
32, 30, 1, 0, 4
32, 30, 1, 0, 4
32, 30, 1, 0, 4
32, 30, 1, 0, 4
32, 30, 1, 0, 4
32, 30, 1, 0, 4
32, 30, 1, 0, 4
32, 30, 1, 0, 4
32, 30, 1, 0, 4
32, 30, 1, 0, 4
32, 30, 1, 0, 4
32, 30, 1, 0, 4
32, 30, 1, 0, 4
32, 30, 1, 0, 4
32, 30, 1, 0, 4
32, 30, 1, 0, 4
32, 30, 1, 0, 4
32, 30, 1, 0, 4
32, 30, 1, 0, 4
32, 30, 1, 0, 4
32, 30, 1, 0, 4
32, 30, 1, 0, 4
32, 30, 1, 0, 4
33, 58, 0, 1, 3
33, 58, 0, 1, 3
33, 58, 0, 1, 3
33, 58, 0, 1, 3
33, 58, 0, 1, 3
33, 58, 0, 1, 3
33, 58, 0, 1, 3
33, 58, 0, 1, 3
33, 58, 0, 1, 3
33, 58, 0, 1, 3
33, 58, 0, 1, 3
33, 58, 0, 1, 3
33, 58, 0, 1, 3
33, 58, 0, 1, 3
33, 58, 0, 1, 3
33, 58, 0, 1, 3
33, 58, 0, 1, 3
33, 58, 0, 1, 3
33, 58, 0, 1, 3
33, 58, 0, 1, 3
33, 58, 0, 1, 3
33, 58, 0, 1, 3
33, 58, 0, 1, 3
33, 58, 0, 1, 3
33, 58, 0, 1, 3
33, 58, 0, 1, 3
33, 58, 0, 1, 3
33, 58, 0, 1, 3
33, 58, 0, 1, 3
33, 58, 0, 1, 3
33, 58, 0, 1, 3
33, 58, 0, 1, 3
33, 58, 0, 1, 3
33, 58, 0, 1, 3
33, 58, 0, 1, 3
33, 58, 0, 1, 3
33, 58, 0, 1, 3
33, 58, 0, 1, 3
33, 58, 0, 1, 3
33, 58, 0, 1, 3
33, 58, 0, 1, 3
33, 58, 0, 1, 3
33, 58, 0, 1, 3
33, 58, 0, 1, 3
33, 58, 0, 1, 3
33, 58, 0, 1, 3
33, 58, 0, 1, 3
33, 58, 0, 1, 3
33, 58, 0, 1, 3
33, 58, 0, 1, 3
33, 58, 0, 1, 3
33, 58, 0, 1, 3
33, 58, 0, 1, 3
33, 58, 0, 1, 3
33, 58, 0, 1, 3
33, 58, 0, 1, 3
33, 58, 0, 1, 3
33, 58, 0, 1, 3
33, 30, 1, 0, 2
33, 30, 1, 0, 2
33, 30, 1, 0, 4
33, 30, 1, 0, 4
33, 30, 1, 0, 4
33, 30, 1, 0, 4
33, 30, 1, 0, 4
33, 30, 1, 0, 4
33, 30, 1, 0, 4
33, 30, 1, 0, 4
33, 30, 1, 0, 4
33, 30, 1, 0, 4
33, 30, 1, 0, 4
33, 30, 1, 0, 4
33, 30, 1, 0, 4
33, 30, 1, 0, 4
33, 30, 1, 0, 4
33, 30, 1, 0, 4
33, 30, 1, 0, 4
33, 30, 1, 0, 4
33, 30, 1, 0, 4
33, 30, 1, 0, 4
33, 30, 1, 0, 4
33, 30, 1, 0, 4
33, 30, 1, 0, 4
33, 30, 1, 0, 4
33, 30, 1, 0, 4
33, 30, 1, 0, 4
33, 30, 1, 0, 4
33, 30, 1, 0, 4
34, 58, 0, 1, 3
34, 58, 0, 1, 3
34, 58, 0, 1, 3
34, 58, 0, 1, 3
34, 58, 0, 1, 3
34, 58, 0, 1, 3
34, 58, 0, 1, 3
34, 58, 0, 1, 3
34, 58, 0, 1, 3
34, 58, 0, 1, 3
34, 58, 0, 1, 3
34, 58, 0, 1, 3
34, 58, 0, 1, 3
34, 58, 0, 1, 3
34, 58, 0, 1, 3
34, 58, 0, 1, 3
34, 58, 0, 1, 3
34, 58, 0, 1, 3
34, 58, 0, 1, 3
34, 58, 0, 1, 3
34, 58, 0, 1, 3
34, 58, 0, 1, 3
34, 58, 0, 1, 3
34, 58, 0, 1, 3
34, 58, 0, 1, 3
34, 58, 0, 1, 3
34, 58, 0, 1, 3
34, 58, 0, 1, 3
34, 58, 0, 1, 3
34, 58, 0, 1, 3
34, 58, 0, 1, 3
34, 58, 0, 1, 3
34, 58, 0, 1, 3
34, 58, 0, 1, 3
34, 58, 0, 1, 3
34, 58, 0, 1, 3
34, 58, 0, 1, 3
34, 58, 0, 1, 3
34, 58, 0, 1, 3
34, 58, 0, 1, 3
34, 58, 0, 1, 3
34, 58, 0, 1, 3
34, 58, 0, 1, 3
34, 58, 0, 1, 3
34, 58, 0, 1, 3
34, 58, 0, 1, 3
34, 58, 0, 1, 3
34, 58, 0, 1, 3
34, 58, 0, 1, 3
34, 58, 0, 1, 3
34, 58, 0, 1, 3
34, 58, 0, 1, 3
34, 58, 0, 1, 3
34, 58, 0, 1, 3
34, 58, 0, 1, 3
34, 58, 0, 1, 3
34, 58, 0, 1, 3
34, 58, 0, 1, 3
34, 30, 1, 0, 2
34, 30, 1, 0, 2
34, 30, 1, 0, 4
34, 30, 1, 0, 4
34, 30, 1, 0, 4
34, 30, 1, 0, 4
34, 30, 1, 0, 4
34, 30, 1, 0, 4
34, 30, 1, 0, 4
34, 30, 1, 0, 4
34, 30, 1, 0, 4
34, 30, 1, 0, 4
34, 30, 1, 0, 4
34, 30, 1, 0, 4
34, 30, 1, 0, 4
34, 30, 1, 0, 4
34, 30, 1, 0, 4
34, 30, 1, 0, 4
34, 30, 1, 0, 4
34, 30, 1, 0, 4
34, 30, 1, 0, 4
34, 30, 1, 0, 4
34, 30, 1, 0, 4
34, 30, 1, 0, 4
34, 30, 1, 0, 4
34, 30, 1, 0, 4
34, 30, 1, 0, 4
34, 30, 1, 0, 4
34, 30, 1, 0, 4
34, 30, 1, 0, 4
35, 225, 0, 1, 3
35, 225, 0, 1, 3
35, 225, 0, 1, 3
35, 225, 0, 1, 3
35, 225, 0, 1, 3
35, 225, 0, 1, 3
35, 225, 0, 1, 3
35, 225, 0, 1, 3
35, 225, 0, 1, 3
35, 225, 0, 1, 3
35, 225, 0, 1, 3
35, 225, 0, 1, 3
35, 225, 0, 1, 3
35, 225, 0, 1, 3
35, 225, 0, 1, 3
35, 225, 0, 1, 3
35, 225, 0, 1, 3
35, 225, 0, 1, 3
35, 225, 0, 1, 3
35, 225, 0, 1, 3
35, 225, 0, 1, 3
35, 225, 0, 1, 3
35, 225, 0, 1, 3
35, 225, 0, 1, 3
35, 225, 0, 1, 3
35, 225, 0, 1, 3
35, 225, 0, 1, 3
35, 225, 0, 1, 3
35, 225, 0, 1, 3
35, 225, 0, 1, 3
35, 225, 0, 1, 3
35, 225, 0, 1, 3
35, 225, 0, 1, 3
35, 225, 0, 1, 3
35, 225, 0, 1, 3
35, 225, 0, 1, 3
35, 225, 0, 1, 3
35, 225, 0, 1, 3
35, 225, 0, 1, 3
35, 225, 0, 1, 3
35, 225, 0, 1, 3
35, 225, 0, 1, 3
35, 225, 0, 1, 3
35, 225, 0, 1, 3
35, 225, 0, 1, 3
35, 225, 0, 1, 3
35, 225, 0, 1, 3
35, 225, 0, 1, 3
35, 225, 0, 1, 3
35, 225, 0, 1, 3
35, 225, 0, 1, 3
35, 225, 0, 1, 3
35, 225, 0, 1, 3
35, 225, 0, 1, 3
35, 225, 0, 1, 3
35, 225, 0, 1, 3
35, 225, 0, 1, 3
35, 225, 0, 1, 3
35, 225, 0, 1, 3
35, 225, 0, 1, 3
35, 225, 0, 1, 3
35, 225, 0, 1, 3
35, 225, 0, 1, 3
35, 225, 0, 1, 3
35, 225, 0, 1, 3
35, 225, 0, 1, 3
35, 225, 0, 1, 3
35, 225, 0, 1, 3
35, 225, 0, 1, 3
35, 225, 0, 1, 3
35, 225, 0, 1, 3
35, 225, 0, 1, 3
35, 225, 0, 1, 3
35, 225, 0, 1, 3
35, 225, 0, 1, 3
35, 225, 0, 1, 3
35, 225, 0, 1, 3
35, 225, 0, 1, 3
35, 225, 0, 1, 3
35, 225, 0, 1, 3
35, 225, 0, 1, 3
35, 225, 0, 1, 3
35, 225, 0, 1, 3
35, 225, 0, 1, 3
35, 225, 0, 1, 3
35, 225, 0, 1, 3
35, 225, 0, 1, 3
35, 225, 0, 1, 3
35, 225, 0, 1, 3
35, 225, 0, 1, 3
35, 225, 0, 1, 3
35, 225, 0, 1, 3
35, 225, 0, 1, 3
35, 225, 0, 1, 3
35, 225, 0, 1, 3
35, 225, 0, 1, 3
35, 225, 0, 1, 3
35, 225, 0, 1, 3
35, 225, 0, 1, 3
35, 225, 0, 1, 3
35, 225, 0, 1, 3
35, 225, 0, 1, 3
35, 225, 0, 1, 3
35, 225, 0, 1, 3
35, 225, 0, 1, 3
35, 225, 0, 1, 3
35, 225, 0, 1, 3
35, 225, 0, 1, 3
35, 225, 0, 1, 3
35, 225, 0, 1, 3
35, 225, 0, 1, 3
35, 225, 0, 1, 3
35, 225, 0, 1, 3
35, 225, 0, 1, 3
35, 225, 0, 1, 3
35, 225, 0, 1, 3
35, 225, 0, 1, 3
35, 225, 0, 1, 3
35, 225, 0, 1, 3
35, 225, 0, 1, 3
35, 225, 0, 1, 3
35, 225, 0, 1, 3
35, 225, 0, 1, 3
35, 225, 0, 1, 3
35, 225, 0, 1, 3
35, 225, 0, 1, 3
35, 225, 0, 1, 3
35, 225, 0, 1, 3
35, 225, 0, 1, 3
35, 225, 0, 1, 3
35, 225, 0, 1, 3
35, 225, 0, 1, 3
35, 225, 0, 1, 3
35, 225, 0, 1, 3
35, 225, 0, 1, 3
35, 225, 0, 1, 3
35, 225, 0, 1, 3
35, 225, 0, 1, 3
35, 225, 0, 1, 3
35, 225, 0, 1, 3
35, 225, 0, 1, 3
35, 225, 0, 1, 3
35, 225, 0, 1, 3
35, 225, 0, 1, 3
35, 225, 0, 1, 3
35, 225, 0, 1, 3
35, 225, 0, 1, 3
35, 225, 0, 1, 3
35, 225, 0, 1, 3
35, 225, 0, 1, 3
35, 225, 0, 1, 3
35, 225, 0, 1, 3
35, 225, 0, 1, 3
35, 225, 0, 1, 3
35, 225, 0, 1, 3
35, 225, 0, 1, 3
35, 225, 0, 1, 3
35, 225, 0, 1, 3
35, 225, 0, 1, 3
35, 225, 0, 1, 3
35, 225, 0, 1, 3
35, 225, 0, 1, 3
35, 225, 0, 1, 3
35, 225, 0, 1, 3
35, 225, 0, 1, 3
35, 225, 0, 1, 3
35, 225, 0, 1, 3
35, 225, 0, 1, 3
35, 225, 0, 1, 3
35, 225, 0, 1, 3
35, 225, 0, 1, 3
35, 225, 0, 1, 3
35, 225, 0, 1, 3
35, 225, 0, 1, 3
35, 225, 0, 1, 3
35, 225, 0, 1, 3
35, 225, 0, 1, 3
35, 225, 0, 1, 3
35, 225, 0, 1, 3
35, 225, 0, 1, 3
35, 225, 0, 1, 3
35, 225, 0, 1, 3
35, 225, 0, 1, 3
35, 225, 0, 1, 3
35, 225, 0, 1, 3
35, 225, 0, 1, 3
35, 225, 0, 1, 3
35, 225, 0, 1, 3
35, 225, 0, 1, 3
35, 225, 0, 1, 3
35, 225, 0, 1, 3
35, 225, 0, 1, 3
35, 225, 0, 1, 3
35, 225, 0, 1, 3
35, 225, 0, 1, 3
35, 225, 0, 1, 3
35, 225, 0, 1, 3
35, 225, 0, 1, 3
35, 225, 0, 1, 3
35, 225, 0, 1, 3
35, 225, 0, 1, 3
35, 225, 0, 1, 3
35, 225, 0, 1, 3
35, 225, 0, 1, 3
35, 225, 0, 1, 3
35, 225, 0, 1, 3
35, 225, 0, 1, 3
35, 225, 0, 1, 3
35, 225, 0, 1, 3
35, 225, 0, 1, 3
35, 225, 0, 1, 3
35, 225, 0, 1, 3
35, 225, 0, 1, 3
35, 225, 0, 1, 3
35, 225, 0, 1, 3
35, 225, 0, 1, 3
35, 225, 0, 1, 3
35, 225, 0, 1, 3
35, 225, 0, 1, 3
35, 225, 0, 1, 3
35, 225, 0, 1, 3
35, 225, 0, 1, 3
35, 225, 0, 1, 3
35, 225, 0, 1, 3
35, 225, 0, 1, 3
35, 15, 1, 0, 2
35, 15, 1, 0, 2
35, 15, 1, 0, 2
35, 15, 1, 0, 2
35, 15, 1, 0, 2
35, 15, 1, 0, 2
35, 15, 1, 0, 2
35, 15, 1, 0, 2
35, 15, 1, 0, 2
35, 15, 1, 0, 2
35, 15, 1, 0, 2
35, 15, 1, 0, 2
35, 15, 1, 0, 2
35, 15, 1, 0, 2
35, 15, 1, 0, 2
36, 225, 0, 1, 3
36, 225, 0, 1, 3
36, 225, 0, 1, 3
36, 225, 0, 1, 3
36, 225, 0, 1, 3
36, 225, 0, 1, 3
36, 225, 0, 1, 3
36, 225, 0, 1, 3
36, 225, 0, 1, 3
36, 225, 0, 1, 3
36, 225, 0, 1, 3
36, 225, 0, 1, 3
36, 225, 0, 1, 3
36, 225, 0, 1, 3
36, 225, 0, 1, 3
36, 225, 0, 1, 3
36, 225, 0, 1, 3
36, 225, 0, 1, 3
36, 225, 0, 1, 3
36, 225, 0, 1, 3
36, 225, 0, 1, 3
36, 225, 0, 1, 3
36, 225, 0, 1, 3
36, 225, 0, 1, 3
36, 225, 0, 1, 3
36, 225, 0, 1, 3
36, 225, 0, 1, 3
36, 225, 0, 1, 3
36, 225, 0, 1, 3
36, 225, 0, 1, 3
36, 225, 0, 1, 3
36, 225, 0, 1, 3
36, 225, 0, 1, 3
36, 225, 0, 1, 3
36, 225, 0, 1, 3
36, 225, 0, 1, 3
36, 225, 0, 1, 3
36, 225, 0, 1, 3
36, 225, 0, 1, 3
36, 225, 0, 1, 3
36, 225, 0, 1, 3
36, 225, 0, 1, 3
36, 225, 0, 1, 3
36, 225, 0, 1, 3
36, 225, 0, 1, 3
36, 225, 0, 1, 3
36, 225, 0, 1, 3
36, 225, 0, 1, 3
36, 225, 0, 1, 3
36, 225, 0, 1, 3
36, 225, 0, 1, 3
36, 225, 0, 1, 3
36, 225, 0, 1, 3
36, 225, 0, 1, 3
36, 225, 0, 1, 3
36, 225, 0, 1, 3
36, 225, 0, 1, 3
36, 225, 0, 1, 3
36, 225, 0, 1, 3
36, 225, 0, 1, 3
36, 225, 0, 1, 3
36, 225, 0, 1, 3
36, 225, 0, 1, 3
36, 225, 0, 1, 3
36, 225, 0, 1, 3
36, 225, 0, 1, 3
36, 225, 0, 1, 3
36, 225, 0, 1, 3
36, 225, 0, 1, 3
36, 225, 0, 1, 3
36, 225, 0, 1, 3
36, 225, 0, 1, 3
36, 225, 0, 1, 3
36, 225, 0, 1, 3
36, 225, 0, 1, 3
36, 225, 0, 1, 3
36, 225, 0, 1, 3
36, 225, 0, 1, 3
36, 225, 0, 1, 3
36, 225, 0, 1, 3
36, 225, 0, 1, 3
36, 225, 0, 1, 3
36, 225, 0, 1, 3
36, 225, 0, 1, 3
36, 225, 0, 1, 3
36, 225, 0, 1, 3
36, 225, 0, 1, 3
36, 225, 0, 1, 3
36, 225, 0, 1, 3
36, 225, 0, 1, 3
36, 225, 0, 1, 3
36, 225, 0, 1, 3
36, 225, 0, 1, 3
36, 225, 0, 1, 3
36, 225, 0, 1, 3
36, 225, 0, 1, 3
36, 225, 0, 1, 3
36, 225, 0, 1, 3
36, 225, 0, 1, 3
36, 225, 0, 1, 3
36, 225, 0, 1, 3
36, 225, 0, 1, 3
36, 225, 0, 1, 3
36, 225, 0, 1, 3
36, 225, 0, 1, 3
36, 225, 0, 1, 3
36, 225, 0, 1, 3
36, 225, 0, 1, 3
36, 225, 0, 1, 3
36, 225, 0, 1, 3
36, 225, 0, 1, 3
36, 225, 0, 1, 3
36, 225, 0, 1, 3
36, 225, 0, 1, 3
36, 225, 0, 1, 3
36, 225, 0, 1, 3
36, 225, 0, 1, 3
36, 225, 0, 1, 3
36, 225, 0, 1, 3
36, 225, 0, 1, 3
36, 225, 0, 1, 3
36, 225, 0, 1, 3
36, 225, 0, 1, 3
36, 225, 0, 1, 3
36, 225, 0, 1, 3
36, 225, 0, 1, 3
36, 225, 0, 1, 3
36, 225, 0, 1, 3
36, 225, 0, 1, 3
36, 225, 0, 1, 3
36, 225, 0, 1, 3
36, 225, 0, 1, 3
36, 225, 0, 1, 3
36, 225, 0, 1, 3
36, 225, 0, 1, 3
36, 225, 0, 1, 3
36, 225, 0, 1, 3
36, 225, 0, 1, 3
36, 225, 0, 1, 3
36, 225, 0, 1, 3
36, 225, 0, 1, 3
36, 225, 0, 1, 3
36, 225, 0, 1, 3
36, 225, 0, 1, 3
36, 225, 0, 1, 3
36, 225, 0, 1, 3
36, 225, 0, 1, 3
36, 225, 0, 1, 3
36, 225, 0, 1, 3
36, 225, 0, 1, 3
36, 225, 0, 1, 3
36, 225, 0, 1, 3
36, 225, 0, 1, 3
36, 225, 0, 1, 3
36, 225, 0, 1, 3
36, 225, 0, 1, 3
36, 225, 0, 1, 3
36, 225, 0, 1, 3
36, 225, 0, 1, 3
36, 225, 0, 1, 3
36, 225, 0, 1, 3
36, 225, 0, 1, 3
36, 225, 0, 1, 3
36, 225, 0, 1, 3
36, 225, 0, 1, 3
36, 225, 0, 1, 3
36, 225, 0, 1, 3
36, 225, 0, 1, 3
36, 225, 0, 1, 3
36, 225, 0, 1, 3
36, 225, 0, 1, 3
36, 225, 0, 1, 3
36, 225, 0, 1, 3
36, 225, 0, 1, 3
36, 225, 0, 1, 3
36, 225, 0, 1, 3
36, 225, 0, 1, 3
36, 225, 0, 1, 3
36, 225, 0, 1, 3
36, 225, 0, 1, 3
36, 225, 0, 1, 3
36, 225, 0, 1, 3
36, 225, 0, 1, 3
36, 225, 0, 1, 3
36, 225, 0, 1, 3
36, 225, 0, 1, 3
36, 225, 0, 1, 3
36, 225, 0, 1, 3
36, 225, 0, 1, 3
36, 225, 0, 1, 3
36, 225, 0, 1, 3
36, 225, 0, 1, 3
36, 225, 0, 1, 3
36, 225, 0, 1, 3
36, 225, 0, 1, 3
36, 225, 0, 1, 3
36, 225, 0, 1, 3
36, 225, 0, 1, 3
36, 225, 0, 1, 3
36, 225, 0, 1, 3
36, 225, 0, 1, 3
36, 225, 0, 1, 3
36, 225, 0, 1, 3
36, 225, 0, 1, 3
36, 225, 0, 1, 3
36, 225, 0, 1, 3
36, 225, 0, 1, 3
36, 225, 0, 1, 3
36, 225, 0, 1, 3
36, 225, 0, 1, 3
36, 225, 0, 1, 3
36, 225, 0, 1, 3
36, 225, 0, 1, 3
36, 225, 0, 1, 3
36, 225, 0, 1, 3
36, 225, 0, 1, 3
36, 225, 0, 1, 3
36, 225, 0, 1, 3
36, 225, 0, 1, 3
36, 225, 0, 1, 3
36, 225, 0, 1, 3
36, 225, 0, 1, 3
36, 225, 0, 1, 3
36, 225, 0, 1, 3
36, 225, 0, 1, 3
36, 15, 1, 0, 2
36, 15, 1, 0, 2
36, 15, 1, 0, 2
36, 15, 1, 0, 2
36, 15, 1, 0, 2
36, 15, 1, 0, 2
36, 15, 1, 0, 2
36, 15, 1, 0, 2
36, 15, 1, 0, 2
36, 15, 1, 0, 2
36, 15, 1, 0, 2
36, 15, 1, 0, 2
36, 15, 1, 0, 2
36, 15, 1, 0, 2
36, 15, 1, 0, 2
37, 15, 0, 2, 3
37, 15, 0, 3, 3
37, 15, 0, 4, 3
37, 15, 0, 5, 3
37, 15, 0, 6, 3
37, 15, 0, 7, 3
37, 15, 0, 8, 3
37, 15, 0, 9, 3
37, 15, 0, 10, 3
37, 15, 0, 11, 3
37, 15, 0, 12, 3
37, 15, 0, 13, 3
37, 15, 0, 14, 3
37, 15, 0, 15, 3
37, 15, 0, 16, 1
37, 15, 1, 2, 3
37, 15, 1, 3, 3
37, 15, 1, 4, 3
37, 15, 1, 5, 3
37, 15, 1, 6, 3
37, 15, 1, 7, 3
37, 15, 1, 8, 3
37, 15, 1, 9, 3
37, 15, 1, 10, 3
37, 15, 1, 11, 3
37, 15, 1, 12, 3
37, 15, 1, 13, 3
37, 15, 1, 14, 3
37, 15, 1, 15, 3
37, 15, 1, 16, 1
37, 2, 2, 0, 3
37, 2, 2, 1, 3
37, 2, 3, 0, 3
37, 2, 3, 1, 3
37, 2, 4, 0, 3
37, 2, 4, 1, 3
37, 2, 5, 0, 3
37, 2, 5, 1, 3
37, 2, 6, 0, 3
37, 2, 6, 1, 3
37, 2, 7, 0, 3
37, 2, 7, 1, 3
37, 2, 8, 0, 3
37, 2, 8, 1, 3
37, 2, 9, 0, 3
37, 2, 9, 1, 3
37, 2, 10, 0, 3
37, 2, 10, 1, 3
37, 2, 11, 0, 3
37, 2, 11, 1, 3
37, 2, 12, 0, 3
37, 2, 12, 1, 3
37, 2, 13, 0, 3
37, 2, 13, 1, 3
37, 2, 14, 0, 3
37, 2, 14, 1, 3
37, 2, 15, 0, 3
37, 2, 15, 1, 3
37, 2, 16, 0, 3
37, 2, 16, 1, 3
38, 15, 0, 2, 3
38, 15, 0, 3, 3
38, 15, 0, 4, 3
38, 15, 0, 5, 3
38, 15, 0, 6, 3
38, 15, 0, 7, 3
38, 15, 0, 8, 3
38, 15, 0, 9, 3
38, 15, 0, 10, 3
38, 15, 0, 11, 3
38, 15, 0, 12, 3
38, 15, 0, 13, 3
38, 15, 0, 14, 3
38, 15, 0, 15, 3
38, 15, 0, 16, 1
38, 15, 1, 2, 3
38, 15, 1, 3, 3
38, 15, 1, 4, 3
38, 15, 1, 5, 3
38, 15, 1, 6, 3
38, 15, 1, 7, 3
38, 15, 1, 8, 3
38, 15, 1, 9, 3
38, 15, 1, 10, 3
38, 15, 1, 11, 3
38, 15, 1, 12, 3
38, 15, 1, 13, 3
38, 15, 1, 14, 3
38, 15, 1, 15, 3
38, 15, 1, 16, 1
38, 2, 2, 0, 3
38, 2, 2, 1, 3
38, 2, 3, 0, 3
38, 2, 3, 1, 3
38, 2, 4, 0, 3
38, 2, 4, 1, 3
38, 2, 5, 0, 3
38, 2, 5, 1, 3
38, 2, 6, 0, 3
38, 2, 6, 1, 3
38, 2, 7, 0, 3
38, 2, 7, 1, 3
38, 2, 8, 0, 3
38, 2, 8, 1, 3
38, 2, 9, 0, 3
38, 2, 9, 1, 3
38, 2, 10, 0, 3
38, 2, 10, 1, 3
38, 2, 11, 0, 3
38, 2, 11, 1, 3
38, 2, 12, 0, 3
38, 2, 12, 1, 3
38, 2, 13, 0, 3
38, 2, 13, 1, 3
38, 2, 14, 0, 3
38, 2, 14, 1, 3
38, 2, 15, 0, 3
38, 2, 15, 1, 3
38, 2, 16, 0, 3
38, 2, 16, 1, 3
39, 15, 0, 2, 3
39, 15, 0, 3, 3
39, 15, 0, 4, 3
39, 15, 0, 5, 3
39, 15, 0, 6, 3
39, 15, 0, 7, 3
39, 15, 0, 8, 3
39, 15, 0, 9, 3
39, 15, 0, 10, 3
39, 15, 0, 11, 3
39, 15, 0, 12, 3
39, 15, 0, 13, 3
39, 15, 0, 14, 3
39, 15, 0, 15, 3
39, 15, 0, 16, 1
39, 15, 1, 2, 3
39, 15, 1, 3, 3
39, 15, 1, 4, 3
39, 15, 1, 5, 3
39, 15, 1, 6, 3
39, 15, 1, 7, 3
39, 15, 1, 8, 3
39, 15, 1, 9, 3
39, 15, 1, 10, 3
39, 15, 1, 11, 3
39, 15, 1, 12, 3
39, 15, 1, 13, 3
39, 15, 1, 14, 3
39, 15, 1, 15, 3
39, 15, 1, 16, 1
39, 2, 2, 0, 3
39, 2, 2, 1, 3
39, 2, 3, 0, 3
39, 2, 3, 1, 3
39, 2, 4, 0, 3
39, 2, 4, 1, 3
39, 2, 5, 0, 3
39, 2, 5, 1, 3
39, 2, 6, 0, 3
39, 2, 6, 1, 3
39, 2, 7, 0, 3
39, 2, 7, 1, 3
39, 2, 8, 0, 3
39, 2, 8, 1, 3
39, 2, 9, 0, 3
39, 2, 9, 1, 3
39, 2, 10, 0, 3
39, 2, 10, 1, 3
39, 2, 11, 0, 3
39, 2, 11, 1, 3
39, 2, 12, 0, 3
39, 2, 12, 1, 3
39, 2, 13, 0, 3
39, 2, 13, 1, 3
39, 2, 14, 0, 3
39, 2, 14, 1, 3
39, 2, 15, 0, 3
39, 2, 15, 1, 3
39, 2, 16, 0, 3
39, 2, 16, 1, 3
40, 15, 0, 2, 3
40, 15, 0, 3, 3
40, 15, 0, 4, 3
40, 15, 0, 5, 3
40, 15, 0, 6, 3
40, 15, 0, 7, 3
40, 15, 0, 8, 3
40, 15, 0, 9, 3
40, 15, 0, 10, 3
40, 15, 0, 11, 3
40, 15, 0, 12, 3
40, 15, 0, 13, 3
40, 15, 0, 14, 3
40, 15, 0, 15, 3
40, 15, 0, 16, 1
40, 15, 1, 2, 3
40, 15, 1, 3, 3
40, 15, 1, 4, 3
40, 15, 1, 5, 3
40, 15, 1, 6, 3
40, 15, 1, 7, 3
40, 15, 1, 8, 3
40, 15, 1, 9, 3
40, 15, 1, 10, 3
40, 15, 1, 11, 3
40, 15, 1, 12, 3
40, 15, 1, 13, 3
40, 15, 1, 14, 3
40, 15, 1, 15, 3
40, 15, 1, 16, 1
40, 2, 2, 0, 3
40, 2, 2, 1, 3
40, 2, 3, 0, 3
40, 2, 3, 1, 3
40, 2, 4, 0, 3
40, 2, 4, 1, 3
40, 2, 5, 0, 3
40, 2, 5, 1, 3
40, 2, 6, 0, 3
40, 2, 6, 1, 3
40, 2, 7, 0, 3
40, 2, 7, 1, 3
40, 2, 8, 0, 3
40, 2, 8, 1, 3
40, 2, 9, 0, 3
40, 2, 9, 1, 3
40, 2, 10, 0, 3
40, 2, 10, 1, 3
40, 2, 11, 0, 3
40, 2, 11, 1, 3
40, 2, 12, 0, 3
40, 2, 12, 1, 3
40, 2, 13, 0, 3
40, 2, 13, 1, 3
40, 2, 14, 0, 3
40, 2, 14, 1, 3
40, 2, 15, 0, 3
40, 2, 15, 1, 3
40, 2, 16, 0, 3
40, 2, 16, 1, 3
41, 15, 0, 2, 3
41, 15, 0, 3, 3
41, 15, 0, 4, 3
41, 15, 0, 5, 3
41, 15, 0, 6, 3
41, 15, 0, 7, 3
41, 15, 0, 8, 3
41, 15, 0, 9, 3
41, 15, 0, 10, 3
41, 15, 0, 11, 3
41, 15, 0, 12, 3
41, 15, 0, 13, 3
41, 15, 0, 14, 3
41, 15, 0, 15, 3
41, 15, 0, 16, 1
41, 15, 1, 2, 3
41, 15, 1, 3, 3
41, 15, 1, 4, 3
41, 15, 1, 5, 3
41, 15, 1, 6, 3
41, 15, 1, 7, 3
41, 15, 1, 8, 3
41, 15, 1, 9, 3
41, 15, 1, 10, 3
41, 15, 1, 11, 3
41, 15, 1, 12, 3
41, 15, 1, 13, 3
41, 15, 1, 14, 3
41, 15, 1, 15, 3
41, 15, 1, 16, 1
41, 2, 2, 0, 3
41, 2, 2, 1, 3
41, 2, 3, 0, 3
41, 2, 3, 1, 3
41, 2, 4, 0, 3
41, 2, 4, 1, 3
41, 2, 5, 0, 3
41, 2, 5, 1, 3
41, 2, 6, 0, 3
41, 2, 6, 1, 3
41, 2, 7, 0, 3
41, 2, 7, 1, 3
41, 2, 8, 0, 3
41, 2, 8, 1, 3
41, 2, 9, 0, 3
41, 2, 9, 1, 3
41, 2, 10, 0, 3
41, 2, 10, 1, 3
41, 2, 11, 0, 3
41, 2, 11, 1, 3
41, 2, 12, 0, 3
41, 2, 12, 1, 3
41, 2, 13, 0, 3
41, 2, 13, 1, 3
41, 2, 14, 0, 3
41, 2, 14, 1, 3
41, 2, 15, 0, 3
41, 2, 15, 1, 3
41, 2, 16, 0, 3
41, 2, 16, 1, 3
42, 15, 0, 2, 3
42, 15, 0, 3, 3
42, 15, 0, 4, 3
42, 15, 0, 5, 3
42, 15, 0, 6, 3
42, 15, 0, 7, 3
42, 15, 0, 8, 3
42, 15, 0, 9, 3
42, 15, 0, 10, 3
42, 15, 0, 11, 3
42, 15, 0, 12, 3
42, 15, 0, 13, 3
42, 15, 0, 14, 3
42, 15, 0, 15, 3
42, 15, 0, 16, 1
42, 15, 1, 2, 3
42, 15, 1, 3, 3
42, 15, 1, 4, 3
42, 15, 1, 5, 3
42, 15, 1, 6, 3
42, 15, 1, 7, 3
42, 15, 1, 8, 3
42, 15, 1, 9, 3
42, 15, 1, 10, 3
42, 15, 1, 11, 3
42, 15, 1, 12, 3
42, 15, 1, 13, 3
42, 15, 1, 14, 3
42, 15, 1, 15, 3
42, 15, 1, 16, 1
42, 2, 2, 0, 3
42, 2, 2, 1, 3
42, 2, 3, 0, 3
42, 2, 3, 1, 3
42, 2, 4, 0, 3
42, 2, 4, 1, 3
42, 2, 5, 0, 3
42, 2, 5, 1, 3
42, 2, 6, 0, 3
42, 2, 6, 1, 3
42, 2, 7, 0, 3
42, 2, 7, 1, 3
42, 2, 8, 0, 3
42, 2, 8, 1, 3
42, 2, 9, 0, 3
42, 2, 9, 1, 3
42, 2, 10, 0, 3
42, 2, 10, 1, 3
42, 2, 11, 0, 3
42, 2, 11, 1, 3
42, 2, 12, 0, 3
42, 2, 12, 1, 3
42, 2, 13, 0, 3
42, 2, 13, 1, 3
42, 2, 14, 0, 3
42, 2, 14, 1, 3
42, 2, 15, 0, 3
42, 2, 15, 1, 3
42, 2, 16, 0, 3
42, 2, 16, 1, 3
43, 15, 0, 2, 3
43, 15, 0, 3, 3
43, 15, 0, 4, 3
43, 15, 0, 5, 3
43, 15, 0, 6, 3
43, 15, 0, 7, 3
43, 15, 0, 8, 3
43, 15, 0, 9, 3
43, 15, 0, 10, 3
43, 15, 0, 11, 3
43, 15, 0, 12, 3
43, 15, 0, 13, 3
43, 15, 0, 14, 3
43, 15, 0, 15, 3
43, 15, 0, 16, 1
43, 15, 1, 2, 3
43, 15, 1, 3, 3
43, 15, 1, 4, 3
43, 15, 1, 5, 3
43, 15, 1, 6, 3
43, 15, 1, 7, 3
43, 15, 1, 8, 3
43, 15, 1, 9, 3
43, 15, 1, 10, 3
43, 15, 1, 11, 3
43, 15, 1, 12, 3
43, 15, 1, 13, 3
43, 15, 1, 14, 3
43, 15, 1, 15, 3
43, 15, 1, 16, 1
43, 2, 2, 0, 3
43, 2, 2, 1, 3
43, 2, 3, 0, 3
43, 2, 3, 1, 3
43, 2, 4, 0, 3
43, 2, 4, 1, 3
43, 2, 5, 0, 3
43, 2, 5, 1, 3
43, 2, 6, 0, 3
43, 2, 6, 1, 3
43, 2, 7, 0, 3
43, 2, 7, 1, 3
43, 2, 8, 0, 3
43, 2, 8, 1, 3
43, 2, 9, 0, 3
43, 2, 9, 1, 3
43, 2, 10, 0, 3
43, 2, 10, 1, 3
43, 2, 11, 0, 3
43, 2, 11, 1, 3
43, 2, 12, 0, 3
43, 2, 12, 1, 3
43, 2, 13, 0, 3
43, 2, 13, 1, 3
43, 2, 14, 0, 3
43, 2, 14, 1, 3
43, 2, 15, 0, 3
43, 2, 15, 1, 3
43, 2, 16, 0, 3
43, 2, 16, 1, 3
44, 15, 0, 2, 3
44, 15, 0, 3, 3
44, 15, 0, 4, 3
44, 15, 0, 5, 3
44, 15, 0, 6, 3
44, 15, 0, 7, 3
44, 15, 0, 8, 3
44, 15, 0, 9, 3
44, 15, 0, 10, 3
44, 15, 0, 11, 3
44, 15, 0, 12, 3
44, 15, 0, 13, 3
44, 15, 0, 14, 3
44, 15, 0, 15, 3
44, 15, 0, 16, 1
44, 15, 1, 2, 3
44, 15, 1, 3, 3
44, 15, 1, 4, 3
44, 15, 1, 5, 3
44, 15, 1, 6, 3
44, 15, 1, 7, 3
44, 15, 1, 8, 3
44, 15, 1, 9, 3
44, 15, 1, 10, 3
44, 15, 1, 11, 3
44, 15, 1, 12, 3
44, 15, 1, 13, 3
44, 15, 1, 14, 3
44, 15, 1, 15, 3
44, 15, 1, 16, 1
44, 2, 2, 0, 3
44, 2, 2, 1, 3
44, 2, 3, 0, 3
44, 2, 3, 1, 3
44, 2, 4, 0, 3
44, 2, 4, 1, 3
44, 2, 5, 0, 3
44, 2, 5, 1, 3
44, 2, 6, 0, 3
44, 2, 6, 1, 3
44, 2, 7, 0, 3
44, 2, 7, 1, 3
44, 2, 8, 0, 3
44, 2, 8, 1, 3
44, 2, 9, 0, 3
44, 2, 9, 1, 3
44, 2, 10, 0, 3
44, 2, 10, 1, 3
44, 2, 11, 0, 3
44, 2, 11, 1, 3
44, 2, 12, 0, 3
44, 2, 12, 1, 3
44, 2, 13, 0, 3
44, 2, 13, 1, 3
44, 2, 14, 0, 3
44, 2, 14, 1, 3
44, 2, 15, 0, 3
44, 2, 15, 1, 3
44, 2, 16, 0, 3
44, 2, 16, 1, 3
45, 15, 0, 2, 3
45, 15, 0, 3, 3
45, 15, 0, 4, 3
45, 15, 0, 5, 3
45, 15, 0, 6, 3
45, 15, 0, 7, 3
45, 15, 0, 8, 3
45, 15, 0, 9, 3
45, 15, 0, 10, 3
45, 15, 0, 11, 3
45, 15, 0, 12, 3
45, 15, 0, 13, 3
45, 15, 0, 14, 3
45, 15, 0, 15, 3
45, 15, 0, 16, 1
45, 15, 1, 2, 3
45, 15, 1, 3, 3
45, 15, 1, 4, 3
45, 15, 1, 5, 3
45, 15, 1, 6, 3
45, 15, 1, 7, 3
45, 15, 1, 8, 3
45, 15, 1, 9, 3
45, 15, 1, 10, 3
45, 15, 1, 11, 3
45, 15, 1, 12, 3
45, 15, 1, 13, 3
45, 15, 1, 14, 3
45, 15, 1, 15, 3
45, 15, 1, 16, 1
45, 2, 2, 0, 3
45, 2, 2, 1, 3
45, 2, 3, 0, 3
45, 2, 3, 1, 3
45, 2, 4, 0, 3
45, 2, 4, 1, 3
45, 2, 5, 0, 3
45, 2, 5, 1, 3
45, 2, 6, 0, 3
45, 2, 6, 1, 3
45, 2, 7, 0, 3
45, 2, 7, 1, 3
45, 2, 8, 0, 3
45, 2, 8, 1, 3
45, 2, 9, 0, 3
45, 2, 9, 1, 3
45, 2, 10, 0, 3
45, 2, 10, 1, 3
45, 2, 11, 0, 3
45, 2, 11, 1, 3
45, 2, 12, 0, 3
45, 2, 12, 1, 3
45, 2, 13, 0, 3
45, 2, 13, 1, 3
45, 2, 14, 0, 3
45, 2, 14, 1, 3
45, 2, 15, 0, 3
45, 2, 15, 1, 3
45, 2, 16, 0, 3
45, 2, 16, 1, 3
46, 15, 0, 2, 3
46, 15, 0, 3, 3
46, 15, 0, 4, 3
46, 15, 0, 5, 3
46, 15, 0, 6, 3
46, 15, 0, 7, 3
46, 15, 0, 8, 3
46, 15, 0, 9, 3
46, 15, 0, 10, 3
46, 15, 0, 11, 3
46, 15, 0, 12, 3
46, 15, 0, 13, 3
46, 15, 0, 14, 3
46, 15, 0, 15, 3
46, 15, 0, 16, 1
46, 15, 1, 2, 3
46, 15, 1, 3, 3
46, 15, 1, 4, 3
46, 15, 1, 5, 3
46, 15, 1, 6, 3
46, 15, 1, 7, 3
46, 15, 1, 8, 3
46, 15, 1, 9, 3
46, 15, 1, 10, 3
46, 15, 1, 11, 3
46, 15, 1, 12, 3
46, 15, 1, 13, 3
46, 15, 1, 14, 3
46, 15, 1, 15, 3
46, 15, 1, 16, 1
46, 2, 2, 0, 3
46, 2, 2, 1, 3
46, 2, 3, 0, 3
46, 2, 3, 1, 3
46, 2, 4, 0, 3
46, 2, 4, 1, 3
46, 2, 5, 0, 3
46, 2, 5, 1, 3
46, 2, 6, 0, 3
46, 2, 6, 1, 3
46, 2, 7, 0, 3
46, 2, 7, 1, 3
46, 2, 8, 0, 3
46, 2, 8, 1, 3
46, 2, 9, 0, 3
46, 2, 9, 1, 3
46, 2, 10, 0, 3
46, 2, 10, 1, 3
46, 2, 11, 0, 3
46, 2, 11, 1, 3
46, 2, 12, 0, 3
46, 2, 12, 1, 3
46, 2, 13, 0, 3
46, 2, 13, 1, 3
46, 2, 14, 0, 3
46, 2, 14, 1, 3
46, 2, 15, 0, 3
46, 2, 15, 1, 3
46, 2, 16, 0, 3
46, 2, 16, 1, 3
Goal
37
38
39
40
41
42
43
44
45
46
