CG
4
0, 3, 1, 8
0, 3, 2, 8
0, 3, 3, 8
1, 1, 0, 8
2, 1, 0, 8
3, 1, 0, 8
DTG
0, 6, 0, 1, 2
0, 6, 0, 1, 2
0, 6, 0, 1, 2
0, 6, 0, 2, 2
0, 6, 0, 2, 2
0, 6, 0, 2, 2
0, 6, 1, 0, 2
0, 6, 1, 0, 2
0, 6, 1, 0, 2
0, 6, 1, 3, 2
0, 6, 1, 3, 2
0, 6, 1, 3, 2
0, 6, 2, 0, 2
0, 6, 2, 0, 2
0, 6, 2, 0, 2
0, 6, 2, 3, 2
0, 6, 2, 3, 2
0, 6, 2, 3, 2
0, 6, 3, 1, 2
0, 6, 3, 1, 2
0, 6, 3, 1, 2
0, 6, 3, 2, 2
0, 6, 3, 2, 2
0, 6, 3, 2, 2
1, 2, 0, 1, 2
1, 2, 0, 2, 2
1, 2, 1, 0, 2
1, 2, 1, 3, 2
1, 2, 2, 0, 2
1, 2, 2, 3, 2
1, 2, 3, 1, 2
1, 2, 3, 2, 2
2, 2, 0, 1, 2
2, 2, 0, 2, 2
2, 2, 1, 0, 2
2, 2, 1, 3, 2
2, 2, 2, 0, 2
2, 2, 2, 3, 2
2, 2, 3, 1, 2
2, 2, 3, 2, 2
3, 2, 0, 1, 2
3, 2, 0, 2, 2
3, 2, 1, 0, 2
3, 2, 1, 3, 2
3, 2, 2, 0, 2
3, 2, 2, 3, 2
3, 2, 3, 1, 2
3, 2, 3, 2, 2
Goal
1
2
3
