CG
17
0, 3, 12, 5
0, 3, 14, 5
0, 3, 10, 10
1, 3, 12, 5
1, 3, 16, 5
1, 3, 10, 10
2, 3, 13, 5
2, 3, 16, 5
2, 3, 10, 10
3, 3, 13, 5
3, 3, 15, 5
3, 3, 10, 10
4, 3, 14, 5
4, 3, 15, 5
4, 3, 10, 10
5, 1, 11, 6
6, 1, 11, 6
7, 1, 11, 6
8, 1, 11, 6
9, 1, 11, 6
10, 16, 11, 60
10, 16, 0, 6
10, 16, 1, 6
10, 16, 3, 6
10, 16, 2, 6
10, 16, 4, 6
10, 16, 5, 6
10, 16, 7, 6
10, 16, 8, 6
10, 16, 9, 6
10, 16, 6, 6
10, 16, 12, 10
10, 16, 13, 10
10, 16, 14, 10
10, 16, 15, 10
10, 16, 16, 10
11, 10, 0, 6
11, 10, 1, 6
11, 10, 3, 6
11, 10, 2, 6
11, 10, 4, 6
11, 10, 5, 6
11, 10, 7, 6
11, 10, 8, 6
11, 10, 9, 6
11, 10, 6, 6
12, 6, 11, 12
12, 6, 0, 6
12, 6, 1, 6
12, 6, 5, 6
12, 6, 7, 6
12, 6, 10, 10
13, 6, 11, 12
13, 6, 3, 6
13, 6, 2, 6
13, 6, 8, 6
13, 6, 9, 6
13, 6, 10, 10
14, 6, 11, 12
14, 6, 0, 6
14, 6, 4, 6
14, 6, 5, 6
14, 6, 6, 6
14, 6, 10, 10
15, 6, 11, 12
15, 6, 3, 6
15, 6, 4, 6
15, 6, 8, 6
15, 6, 6, 6
15, 6, 10, 10
16, 6, 11, 12
16, 6, 1, 6
16, 6, 2, 6
16, 6, 7, 6
16, 6, 9, 6
16, 6, 10, 10
DTG
0, 6, 1, 0, 5
0, 6, 1, 0, 5
0, 6, 1, 0, 5
0, 6, 1, 0, 5
0, 6, 1, 0, 5
0, 6, 1, 0, 5
1, 6, 1, 0, 5
1, 6, 1, 0, 5
1, 6, 1, 0, 5
1, 6, 1, 0, 5
1, 6, 1, 0, 5
1, 6, 1, 0, 5
2, 6, 1, 0, 5
2, 6, 1, 0, 5
2, 6, 1, 0, 5
2, 6, 1, 0, 5
2, 6, 1, 0, 5
2, 6, 1, 0, 5
3, 6, 1, 0, 5
3, 6, 1, 0, 5
3, 6, 1, 0, 5
3, 6, 1, 0, 5
3, 6, 1, 0, 5
3, 6, 1, 0, 5
4, 6, 1, 0, 5
4, 6, 1, 0, 5
4, 6, 1, 0, 5
4, 6, 1, 0, 5
4, 6, 1, 0, 5
4, 6, 1, 0, 5
5, 6, 0, 1, 5
5, 6, 0, 1, 5
5, 6, 0, 1, 5
5, 6, 0, 1, 5
5, 6, 0, 1, 5
5, 6, 0, 1, 5
6, 6, 0, 1, 5
6, 6, 0, 1, 5
6, 6, 0, 1, 5
6, 6, 0, 1, 5
6, 6, 0, 1, 5
6, 6, 0, 1, 5
7, 6, 0, 1, 5
7, 6, 0, 1, 5
7, 6, 0, 1, 5
7, 6, 0, 1, 5
7, 6, 0, 1, 5
7, 6, 0, 1, 5
8, 6, 0, 1, 5
8, 6, 0, 1, 5
8, 6, 0, 1, 5
8, 6, 0, 1, 5
8, 6, 0, 1, 5
8, 6, 0, 1, 5
9, 6, 0, 1, 5
9, 6, 0, 1, 5
9, 6, 0, 1, 5
9, 6, 0, 1, 5
9, 6, 0, 1, 5
9, 6, 0, 1, 5
10, 1, 0, 1, 1
10, 6, 1, 0, 2
10, 6, 1, 0, 2
10, 6, 1, 0, 2
10, 6, 1, 0, 2
10, 6, 1, 0, 2
10, 6, 1, 2, 1
10, 6, 2, 1, 2
10, 6, 2, 1, 2
10, 6, 2, 1, 2
10, 6, 2, 1, 2
10, 6, 2, 1, 2
10, 6, 2, 3, 1
10, 6, 3, 2, 2
10, 6, 3, 2, 2
10, 6, 3, 2, 2
10, 6, 3, 2, 2
10, 6, 3, 2, 2
10, 6, 3, 4, 1
10, 6, 4, 3, 2
10, 6, 4, 3, 2
10, 6, 4, 3, 2
10, 6, 4, 3, 2
10, 6, 4, 3, 2
10, 6, 4, 5, 1
10, 5, 5, 4, 2
10, 5, 5, 4, 2
10, 5, 5, 4, 2
10, 5, 5, 4, 2
10, 5, 5, 4, 2
11, 30, 0, 1, 3
11, 30, 0, 1, 3
11, 30, 0, 1, 3
11, 30, 0, 1, 3
11, 30, 0, 1, 3
11, 30, 0, 1, 3
11, 30, 0, 2, 3
11, 30, 0, 2, 3
11, 30, 0, 2, 3
11, 30, 0, 2, 3
11, 30, 0, 2, 3
11, 30, 0, 2, 3
11, 30, 0, 3, 3
11, 30, 0, 3, 3
11, 30, 0, 3, 3
11, 30, 0, 3, 3
11, 30, 0, 3, 3
11, 30, 0, 3, 3
11, 30, 0, 4, 3
11, 30, 0, 4, 3
11, 30, 0, 4, 3
11, 30, 0, 4, 3
11, 30, 0, 4, 3
11, 30, 0, 4, 3
11, 30, 0, 5, 3
11, 30, 0, 5, 3
11, 30, 0, 5, 3
11, 30, 0, 5, 3
11, 30, 0, 5, 3
11, 30, 0, 5, 3
11, 6, 1, 0, 4
11, 6, 1, 0, 4
11, 6, 1, 0, 4
11, 6, 1, 0, 4
11, 6, 1, 0, 4
11, 6, 1, 0, 4
11, 6, 2, 0, 4
11, 6, 2, 0, 4
11, 6, 2, 0, 4
11, 6, 2, 0, 4
11, 6, 2, 0, 4
11, 6, 2, 0, 4
11, 6, 3, 0, 4
11, 6, 3, 0, 4
11, 6, 3, 0, 4
11, 6, 3, 0, 4
11, 6, 3, 0, 4
11, 6, 3, 0, 4
11, 6, 4, 0, 4
11, 6, 4, 0, 4
11, 6, 4, 0, 4
11, 6, 4, 0, 4
11, 6, 4, 0, 4
11, 6, 4, 0, 4
11, 6, 5, 0, 4
11, 6, 5, 0, 4
11, 6, 5, 0, 4
11, 6, 5, 0, 4
11, 6, 5, 0, 4
11, 6, 5, 0, 4
12, 5, 1, 0, 4
12, 5, 1, 0, 4
12, 5, 1, 0, 4
12, 5, 1, 0, 4
12, 5, 1, 0, 4
12, 5, 2, 1, 2
12, 5, 2, 1, 2
12, 5, 2, 1, 2
12, 5, 2, 1, 2
12, 5, 2, 1, 2
13, 5, 1, 0, 4
13, 5, 1, 0, 4
13, 5, 1, 0, 4
13, 5, 1, 0, 4
13, 5, 1, 0, 4
13, 5, 2, 1, 2
13, 5, 2, 1, 2
13, 5, 2, 1, 2
13, 5, 2, 1, 2
13, 5, 2, 1, 2
14, 5, 1, 0, 4
14, 5, 1, 0, 4
14, 5, 1, 0, 4
14, 5, 1, 0, 4
14, 5, 1, 0, 4
14, 5, 2, 1, 2
14, 5, 2, 1, 2
14, 5, 2, 1, 2
14, 5, 2, 1, 2
14, 5, 2, 1, 2
15, 5, 1, 0, 4
15, 5, 1, 0, 4
15, 5, 1, 0, 4
15, 5, 1, 0, 4
15, 5, 1, 0, 4
15, 5, 2, 1, 2
15, 5, 2, 1, 2
15, 5, 2, 1, 2
15, 5, 2, 1, 2
15, 5, 2, 1, 2
16, 5, 1, 0, 4
16, 5, 1, 0, 4
16, 5, 1, 0, 4
16, 5, 1, 0, 4
16, 5, 1, 0, 4
16, 5, 2, 1, 2
16, 5, 2, 1, 2
16, 5, 2, 1, 2
16, 5, 2, 1, 2
16, 5, 2, 1, 2
Goal
12
13
14
15
16
