CG
12
0, 11, 11, 45
0, 11, 10, 9
0, 11, 9, 9
0, 11, 8, 9
0, 11, 7, 9
0, 11, 6, 9
0, 11, 1, 36
0, 11, 2, 36
0, 11, 3, 36
0, 11, 4, 36
0, 11, 5, 36
1, 11, 11, 9
1, 11, 10, 45
1, 11, 9, 9
1, 11, 8, 9
1, 11, 7, 9
1, 11, 6, 9
1, 11, 0, 36
1, 11, 2, 36
1, 11, 3, 36
1, 11, 4, 36
1, 11, 5, 36
2, 11, 11, 9
2, 11, 10, 9
2, 11, 9, 45
2, 11, 8, 9
2, 11, 7, 9
2, 11, 6, 9
2, 11, 0, 36
2, 11, 1, 36
2, 11, 3, 36
2, 11, 4, 36
2, 11, 5, 36
3, 11, 11, 9
3, 11, 10, 9
3, 11, 9, 9
3, 11, 8, 45
3, 11, 7, 9
3, 11, 6, 9
3, 11, 0, 36
3, 11, 1, 36
3, 11, 2, 36
3, 11, 4, 36
3, 11, 5, 36
4, 11, 11, 9
4, 11, 10, 9
4, 11, 9, 9
4, 11, 8, 9
4, 11, 7, 45
4, 11, 6, 9
4, 11, 0, 36
4, 11, 1, 36
4, 11, 2, 36
4, 11, 3, 36
4, 11, 5, 36
5, 11, 11, 9
5, 11, 10, 9
5, 11, 9, 9
5, 11, 8, 9
5, 11, 7, 9
5, 11, 6, 45
5, 11, 0, 36
5, 11, 1, 36
5, 11, 2, 36
5, 11, 3, 36
5, 11, 4, 36
DTG
0, 15, 0, 3, 2
0, 15, 0, 3, 2
0, 15, 0, 3, 2
0, 15, 0, 3, 2
0, 15, 0, 3, 2
0, 15, 0, 4, 2
0, 15, 0, 4, 2
0, 15, 0, 4, 2
0, 15, 0, 4, 2
0, 15, 0, 4, 2
0, 15, 0, 5, 2
0, 15, 0, 5, 2
0, 15, 0, 5, 2
0, 15, 0, 5, 2
0, 15, 0, 5, 2
0, 15, 1, 3, 2
0, 15, 1, 3, 2
0, 15, 1, 3, 2
0, 15, 1, 3, 2
0, 15, 1, 3, 2
0, 15, 1, 4, 2
0, 15, 1, 4, 2
0, 15, 1, 4, 2
0, 15, 1, 4, 2
0, 15, 1, 4, 2
0, 15, 1, 5, 2
0, 15, 1, 5, 2
0, 15, 1, 5, 2
0, 15, 1, 5, 2
0, 15, 1, 5, 2
0, 15, 2, 3, 2
0, 15, 2, 3, 2
0, 15, 2, 3, 2
0, 15, 2, 3, 2
0, 15, 2, 3, 2
0, 15, 2, 4, 2
0, 15, 2, 4, 2
0, 15, 2, 4, 2
0, 15, 2, 4, 2
0, 15, 2, 4, 2
0, 15, 2, 5, 2
0, 15, 2, 5, 2
0, 15, 2, 5, 2
0, 15, 2, 5, 2
0, 15, 2, 5, 2
0, 15, 3, 0, 2
0, 15, 3, 0, 2
0, 15, 3, 0, 2
0, 15, 3, 0, 2
0, 15, 3, 0, 2
0, 15, 3, 1, 2
0, 15, 3, 1, 2
0, 15, 3, 1, 2
0, 15, 3, 1, 2
0, 15, 3, 1, 2
0, 15, 3, 2, 2
0, 15, 3, 2, 2
0, 15, 3, 2, 2
0, 15, 3, 2, 2
0, 15, 3, 2, 2
0, 15, 4, 0, 2
0, 15, 4, 0, 2
0, 15, 4, 0, 2
0, 15, 4, 0, 2
0, 15, 4, 0, 2
0, 15, 4, 1, 2
0, 15, 4, 1, 2
0, 15, 4, 1, 2
0, 15, 4, 1, 2
0, 15, 4, 1, 2
0, 15, 4, 2, 2
0, 15, 4, 2, 2
0, 15, 4, 2, 2
0, 15, 4, 2, 2
0, 15, 4, 2, 2
0, 15, 5, 0, 2
0, 15, 5, 0, 2
0, 15, 5, 0, 2
0, 15, 5, 0, 2
0, 15, 5, 0, 2
0, 15, 5, 1, 2
0, 15, 5, 1, 2
0, 15, 5, 1, 2
0, 15, 5, 1, 2
0, 15, 5, 1, 2
0, 15, 5, 2, 2
0, 15, 5, 2, 2
0, 15, 5, 2, 2
0, 15, 5, 2, 2
0, 15, 5, 2, 2
1, 15, 0, 3, 2
1, 15, 0, 3, 2
1, 15, 0, 3, 2
1, 15, 0, 3, 2
1, 15, 0, 3, 2
1, 15, 0, 4, 2
1, 15, 0, 4, 2
1, 15, 0, 4, 2
1, 15, 0, 4, 2
1, 15, 0, 4, 2
1, 15, 0, 5, 2
1, 15, 0, 5, 2
1, 15, 0, 5, 2
1, 15, 0, 5, 2
1, 15, 0, 5, 2
1, 15, 1, 3, 2
1, 15, 1, 3, 2
1, 15, 1, 3, 2
1, 15, 1, 3, 2
1, 15, 1, 3, 2
1, 15, 1, 4, 2
1, 15, 1, 4, 2
1, 15, 1, 4, 2
1, 15, 1, 4, 2
1, 15, 1, 4, 2
1, 15, 1, 5, 2
1, 15, 1, 5, 2
1, 15, 1, 5, 2
1, 15, 1, 5, 2
1, 15, 1, 5, 2
1, 15, 2, 3, 2
1, 15, 2, 3, 2
1, 15, 2, 3, 2
1, 15, 2, 3, 2
1, 15, 2, 3, 2
1, 15, 2, 4, 2
1, 15, 2, 4, 2
1, 15, 2, 4, 2
1, 15, 2, 4, 2
1, 15, 2, 4, 2
1, 15, 2, 5, 2
1, 15, 2, 5, 2
1, 15, 2, 5, 2
1, 15, 2, 5, 2
1, 15, 2, 5, 2
1, 15, 3, 0, 2
1, 15, 3, 0, 2
1, 15, 3, 0, 2
1, 15, 3, 0, 2
1, 15, 3, 0, 2
1, 15, 3, 1, 2
1, 15, 3, 1, 2
1, 15, 3, 1, 2
1, 15, 3, 1, 2
1, 15, 3, 1, 2
1, 15, 3, 2, 2
1, 15, 3, 2, 2
1, 15, 3, 2, 2
1, 15, 3, 2, 2
1, 15, 3, 2, 2
1, 15, 4, 0, 2
1, 15, 4, 0, 2
1, 15, 4, 0, 2
1, 15, 4, 0, 2
1, 15, 4, 0, 2
1, 15, 4, 1, 2
1, 15, 4, 1, 2
1, 15, 4, 1, 2
1, 15, 4, 1, 2
1, 15, 4, 1, 2
1, 15, 4, 2, 2
1, 15, 4, 2, 2
1, 15, 4, 2, 2
1, 15, 4, 2, 2
1, 15, 4, 2, 2
1, 15, 5, 0, 2
1, 15, 5, 0, 2
1, 15, 5, 0, 2
1, 15, 5, 0, 2
1, 15, 5, 0, 2
1, 15, 5, 1, 2
1, 15, 5, 1, 2
1, 15, 5, 1, 2
1, 15, 5, 1, 2
1, 15, 5, 1, 2
1, 15, 5, 2, 2
1, 15, 5, 2, 2
1, 15, 5, 2, 2
1, 15, 5, 2, 2
1, 15, 5, 2, 2
2, 15, 0, 3, 2
2, 15, 0, 3, 2
2, 15, 0, 3, 2
2, 15, 0, 3, 2
2, 15, 0, 3, 2
2, 15, 0, 4, 2
2, 15, 0, 4, 2
2, 15, 0, 4, 2
2, 15, 0, 4, 2
2, 15, 0, 4, 2
2, 15, 0, 5, 2
2, 15, 0, 5, 2
2, 15, 0, 5, 2
2, 15, 0, 5, 2
2, 15, 0, 5, 2
2, 15, 1, 3, 2
2, 15, 1, 3, 2
2, 15, 1, 3, 2
2, 15, 1, 3, 2
2, 15, 1, 3, 2
2, 15, 1, 4, 2
2, 15, 1, 4, 2
2, 15, 1, 4, 2
2, 15, 1, 4, 2
2, 15, 1, 4, 2
2, 15, 1, 5, 2
2, 15, 1, 5, 2
2, 15, 1, 5, 2
2, 15, 1, 5, 2
2, 15, 1, 5, 2
2, 15, 2, 3, 2
2, 15, 2, 3, 2
2, 15, 2, 3, 2
2, 15, 2, 3, 2
2, 15, 2, 3, 2
2, 15, 2, 4, 2
2, 15, 2, 4, 2
2, 15, 2, 4, 2
2, 15, 2, 4, 2
2, 15, 2, 4, 2
2, 15, 2, 5, 2
2, 15, 2, 5, 2
2, 15, 2, 5, 2
2, 15, 2, 5, 2
2, 15, 2, 5, 2
2, 15, 3, 0, 2
2, 15, 3, 0, 2
2, 15, 3, 0, 2
2, 15, 3, 0, 2
2, 15, 3, 0, 2
2, 15, 3, 1, 2
2, 15, 3, 1, 2
2, 15, 3, 1, 2
2, 15, 3, 1, 2
2, 15, 3, 1, 2
2, 15, 3, 2, 2
2, 15, 3, 2, 2
2, 15, 3, 2, 2
2, 15, 3, 2, 2
2, 15, 3, 2, 2
2, 15, 4, 0, 2
2, 15, 4, 0, 2
2, 15, 4, 0, 2
2, 15, 4, 0, 2
2, 15, 4, 0, 2
2, 15, 4, 1, 2
2, 15, 4, 1, 2
2, 15, 4, 1, 2
2, 15, 4, 1, 2
2, 15, 4, 1, 2
2, 15, 4, 2, 2
2, 15, 4, 2, 2
2, 15, 4, 2, 2
2, 15, 4, 2, 2
2, 15, 4, 2, 2
2, 15, 5, 0, 2
2, 15, 5, 0, 2
2, 15, 5, 0, 2
2, 15, 5, 0, 2
2, 15, 5, 0, 2
2, 15, 5, 1, 2
2, 15, 5, 1, 2
2, 15, 5, 1, 2
2, 15, 5, 1, 2
2, 15, 5, 1, 2
2, 15, 5, 2, 2
2, 15, 5, 2, 2
2, 15, 5, 2, 2
2, 15, 5, 2, 2
2, 15, 5, 2, 2
3, 15, 0, 3, 2
3, 15, 0, 3, 2
3, 15, 0, 3, 2
3, 15, 0, 3, 2
3, 15, 0, 3, 2
3, 15, 0, 4, 2
3, 15, 0, 4, 2
3, 15, 0, 4, 2
3, 15, 0, 4, 2
3, 15, 0, 4, 2
3, 15, 0, 5, 2
3, 15, 0, 5, 2
3, 15, 0, 5, 2
3, 15, 0, 5, 2
3, 15, 0, 5, 2
3, 15, 1, 3, 2
3, 15, 1, 3, 2
3, 15, 1, 3, 2
3, 15, 1, 3, 2
3, 15, 1, 3, 2
3, 15, 1, 4, 2
3, 15, 1, 4, 2
3, 15, 1, 4, 2
3, 15, 1, 4, 2
3, 15, 1, 4, 2
3, 15, 1, 5, 2
3, 15, 1, 5, 2
3, 15, 1, 5, 2
3, 15, 1, 5, 2
3, 15, 1, 5, 2
3, 15, 2, 3, 2
3, 15, 2, 3, 2
3, 15, 2, 3, 2
3, 15, 2, 3, 2
3, 15, 2, 3, 2
3, 15, 2, 4, 2
3, 15, 2, 4, 2
3, 15, 2, 4, 2
3, 15, 2, 4, 2
3, 15, 2, 4, 2
3, 15, 2, 5, 2
3, 15, 2, 5, 2
3, 15, 2, 5, 2
3, 15, 2, 5, 2
3, 15, 2, 5, 2
3, 15, 3, 0, 2
3, 15, 3, 0, 2
3, 15, 3, 0, 2
3, 15, 3, 0, 2
3, 15, 3, 0, 2
3, 15, 3, 1, 2
3, 15, 3, 1, 2
3, 15, 3, 1, 2
3, 15, 3, 1, 2
3, 15, 3, 1, 2
3, 15, 3, 2, 2
3, 15, 3, 2, 2
3, 15, 3, 2, 2
3, 15, 3, 2, 2
3, 15, 3, 2, 2
3, 15, 4, 0, 2
3, 15, 4, 0, 2
3, 15, 4, 0, 2
3, 15, 4, 0, 2
3, 15, 4, 0, 2
3, 15, 4, 1, 2
3, 15, 4, 1, 2
3, 15, 4, 1, 2
3, 15, 4, 1, 2
3, 15, 4, 1, 2
3, 15, 4, 2, 2
3, 15, 4, 2, 2
3, 15, 4, 2, 2
3, 15, 4, 2, 2
3, 15, 4, 2, 2
3, 15, 5, 0, 2
3, 15, 5, 0, 2
3, 15, 5, 0, 2
3, 15, 5, 0, 2
3, 15, 5, 0, 2
3, 15, 5, 1, 2
3, 15, 5, 1, 2
3, 15, 5, 1, 2
3, 15, 5, 1, 2
3, 15, 5, 1, 2
3, 15, 5, 2, 2
3, 15, 5, 2, 2
3, 15, 5, 2, 2
3, 15, 5, 2, 2
3, 15, 5, 2, 2
4, 15, 0, 3, 2
4, 15, 0, 3, 2
4, 15, 0, 3, 2
4, 15, 0, 3, 2
4, 15, 0, 3, 2
4, 15, 0, 4, 2
4, 15, 0, 4, 2
4, 15, 0, 4, 2
4, 15, 0, 4, 2
4, 15, 0, 4, 2
4, 15, 0, 5, 2
4, 15, 0, 5, 2
4, 15, 0, 5, 2
4, 15, 0, 5, 2
4, 15, 0, 5, 2
4, 15, 1, 3, 2
4, 15, 1, 3, 2
4, 15, 1, 3, 2
4, 15, 1, 3, 2
4, 15, 1, 3, 2
4, 15, 1, 4, 2
4, 15, 1, 4, 2
4, 15, 1, 4, 2
4, 15, 1, 4, 2
4, 15, 1, 4, 2
4, 15, 1, 5, 2
4, 15, 1, 5, 2
4, 15, 1, 5, 2
4, 15, 1, 5, 2
4, 15, 1, 5, 2
4, 15, 2, 3, 2
4, 15, 2, 3, 2
4, 15, 2, 3, 2
4, 15, 2, 3, 2
4, 15, 2, 3, 2
4, 15, 2, 4, 2
4, 15, 2, 4, 2
4, 15, 2, 4, 2
4, 15, 2, 4, 2
4, 15, 2, 4, 2
4, 15, 2, 5, 2
4, 15, 2, 5, 2
4, 15, 2, 5, 2
4, 15, 2, 5, 2
4, 15, 2, 5, 2
4, 15, 3, 0, 2
4, 15, 3, 0, 2
4, 15, 3, 0, 2
4, 15, 3, 0, 2
4, 15, 3, 0, 2
4, 15, 3, 1, 2
4, 15, 3, 1, 2
4, 15, 3, 1, 2
4, 15, 3, 1, 2
4, 15, 3, 1, 2
4, 15, 3, 2, 2
4, 15, 3, 2, 2
4, 15, 3, 2, 2
4, 15, 3, 2, 2
4, 15, 3, 2, 2
4, 15, 4, 0, 2
4, 15, 4, 0, 2
4, 15, 4, 0, 2
4, 15, 4, 0, 2
4, 15, 4, 0, 2
4, 15, 4, 1, 2
4, 15, 4, 1, 2
4, 15, 4, 1, 2
4, 15, 4, 1, 2
4, 15, 4, 1, 2
4, 15, 4, 2, 2
4, 15, 4, 2, 2
4, 15, 4, 2, 2
4, 15, 4, 2, 2
4, 15, 4, 2, 2
4, 15, 5, 0, 2
4, 15, 5, 0, 2
4, 15, 5, 0, 2
4, 15, 5, 0, 2
4, 15, 5, 0, 2
4, 15, 5, 1, 2
4, 15, 5, 1, 2
4, 15, 5, 1, 2
4, 15, 5, 1, 2
4, 15, 5, 1, 2
4, 15, 5, 2, 2
4, 15, 5, 2, 2
4, 15, 5, 2, 2
4, 15, 5, 2, 2
4, 15, 5, 2, 2
5, 15, 0, 3, 2
5, 15, 0, 3, 2
5, 15, 0, 3, 2
5, 15, 0, 3, 2
5, 15, 0, 3, 2
5, 15, 0, 4, 2
5, 15, 0, 4, 2
5, 15, 0, 4, 2
5, 15, 0, 4, 2
5, 15, 0, 4, 2
5, 15, 0, 5, 2
5, 15, 0, 5, 2
5, 15, 0, 5, 2
5, 15, 0, 5, 2
5, 15, 0, 5, 2
5, 15, 1, 3, 2
5, 15, 1, 3, 2
5, 15, 1, 3, 2
5, 15, 1, 3, 2
5, 15, 1, 3, 2
5, 15, 1, 4, 2
5, 15, 1, 4, 2
5, 15, 1, 4, 2
5, 15, 1, 4, 2
5, 15, 1, 4, 2
5, 15, 1, 5, 2
5, 15, 1, 5, 2
5, 15, 1, 5, 2
5, 15, 1, 5, 2
5, 15, 1, 5, 2
5, 15, 2, 3, 2
5, 15, 2, 3, 2
5, 15, 2, 3, 2
5, 15, 2, 3, 2
5, 15, 2, 3, 2
5, 15, 2, 4, 2
5, 15, 2, 4, 2
5, 15, 2, 4, 2
5, 15, 2, 4, 2
5, 15, 2, 4, 2
5, 15, 2, 5, 2
5, 15, 2, 5, 2
5, 15, 2, 5, 2
5, 15, 2, 5, 2
5, 15, 2, 5, 2
5, 15, 3, 0, 2
5, 15, 3, 0, 2
5, 15, 3, 0, 2
5, 15, 3, 0, 2
5, 15, 3, 0, 2
5, 15, 3, 1, 2
5, 15, 3, 1, 2
5, 15, 3, 1, 2
5, 15, 3, 1, 2
5, 15, 3, 1, 2
5, 15, 3, 2, 2
5, 15, 3, 2, 2
5, 15, 3, 2, 2
5, 15, 3, 2, 2
5, 15, 3, 2, 2
5, 15, 4, 0, 2
5, 15, 4, 0, 2
5, 15, 4, 0, 2
5, 15, 4, 0, 2
5, 15, 4, 0, 2
5, 15, 4, 1, 2
5, 15, 4, 1, 2
5, 15, 4, 1, 2
5, 15, 4, 1, 2
5, 15, 4, 1, 2
5, 15, 4, 2, 2
5, 15, 4, 2, 2
5, 15, 4, 2, 2
5, 15, 4, 2, 2
5, 15, 4, 2, 2
5, 15, 5, 0, 2
5, 15, 5, 0, 2
5, 15, 5, 0, 2
5, 15, 5, 0, 2
5, 15, 5, 0, 2
5, 15, 5, 1, 2
5, 15, 5, 1, 2
5, 15, 5, 1, 2
5, 15, 5, 1, 2
5, 15, 5, 1, 2
5, 15, 5, 2, 2
5, 15, 5, 2, 2
5, 15, 5, 2, 2
5, 15, 5, 2, 2
5, 15, 5, 2, 2
6, 45, 1, 0, 3
6, 45, 1, 0, 3
6, 45, 1, 0, 3
6, 45, 1, 0, 3
6, 45, 1, 0, 3
6, 45, 1, 0, 3
6, 45, 1, 0, 3
6, 45, 1, 0, 3
6, 45, 1, 0, 3
6, 45, 1, 0, 3
6, 45, 1, 0, 3
6, 45, 1, 0, 3
6, 45, 1, 0, 3
6, 45, 1, 0, 3
6, 45, 1, 0, 3
6, 45, 1, 0, 3
6, 45, 1, 0, 3
6, 45, 1, 0, 3
6, 45, 1, 0, 3
6, 45, 1, 0, 3
6, 45, 1, 0, 3
6, 45, 1, 0, 3
6, 45, 1, 0, 3
6, 45, 1, 0, 3
6, 45, 1, 0, 3
6, 45, 1, 0, 3
6, 45, 1, 0, 3
6, 45, 1, 0, 3
6, 45, 1, 0, 3
6, 45, 1, 0, 3
6, 45, 1, 0, 3
6, 45, 1, 0, 3
6, 45, 1, 0, 3
6, 45, 1, 0, 3
6, 45, 1, 0, 3
6, 45, 1, 0, 3
6, 45, 1, 0, 3
6, 45, 1, 0, 3
6, 45, 1, 0, 3
6, 45, 1, 0, 3
6, 45, 1, 0, 3
6, 45, 1, 0, 3
6, 45, 1, 0, 3
6, 45, 1, 0, 3
6, 45, 1, 0, 3
7, 45, 1, 0, 3
7, 45, 1, 0, 3
7, 45, 1, 0, 3
7, 45, 1, 0, 3
7, 45, 1, 0, 3
7, 45, 1, 0, 3
7, 45, 1, 0, 3
7, 45, 1, 0, 3
7, 45, 1, 0, 3
7, 45, 1, 0, 3
7, 45, 1, 0, 3
7, 45, 1, 0, 3
7, 45, 1, 0, 3
7, 45, 1, 0, 3
7, 45, 1, 0, 3
7, 45, 1, 0, 3
7, 45, 1, 0, 3
7, 45, 1, 0, 3
7, 45, 1, 0, 3
7, 45, 1, 0, 3
7, 45, 1, 0, 3
7, 45, 1, 0, 3
7, 45, 1, 0, 3
7, 45, 1, 0, 3
7, 45, 1, 0, 3
7, 45, 1, 0, 3
7, 45, 1, 0, 3
7, 45, 1, 0, 3
7, 45, 1, 0, 3
7, 45, 1, 0, 3
7, 45, 1, 0, 3
7, 45, 1, 0, 3
7, 45, 1, 0, 3
7, 45, 1, 0, 3
7, 45, 1, 0, 3
7, 45, 1, 0, 3
7, 45, 1, 0, 3
7, 45, 1, 0, 3
7, 45, 1, 0, 3
7, 45, 1, 0, 3
7, 45, 1, 0, 3
7, 45, 1, 0, 3
7, 45, 1, 0, 3
7, 45, 1, 0, 3
7, 45, 1, 0, 3
8, 45, 1, 0, 3
8, 45, 1, 0, 3
8, 45, 1, 0, 3
8, 45, 1, 0, 3
8, 45, 1, 0, 3
8, 45, 1, 0, 3
8, 45, 1, 0, 3
8, 45, 1, 0, 3
8, 45, 1, 0, 3
8, 45, 1, 0, 3
8, 45, 1, 0, 3
8, 45, 1, 0, 3
8, 45, 1, 0, 3
8, 45, 1, 0, 3
8, 45, 1, 0, 3
8, 45, 1, 0, 3
8, 45, 1, 0, 3
8, 45, 1, 0, 3
8, 45, 1, 0, 3
8, 45, 1, 0, 3
8, 45, 1, 0, 3
8, 45, 1, 0, 3
8, 45, 1, 0, 3
8, 45, 1, 0, 3
8, 45, 1, 0, 3
8, 45, 1, 0, 3
8, 45, 1, 0, 3
8, 45, 1, 0, 3
8, 45, 1, 0, 3
8, 45, 1, 0, 3
8, 45, 1, 0, 3
8, 45, 1, 0, 3
8, 45, 1, 0, 3
8, 45, 1, 0, 3
8, 45, 1, 0, 3
8, 45, 1, 0, 3
8, 45, 1, 0, 3
8, 45, 1, 0, 3
8, 45, 1, 0, 3
8, 45, 1, 0, 3
8, 45, 1, 0, 3
8, 45, 1, 0, 3
8, 45, 1, 0, 3
8, 45, 1, 0, 3
8, 45, 1, 0, 3
9, 45, 1, 0, 3
9, 45, 1, 0, 3
9, 45, 1, 0, 3
9, 45, 1, 0, 3
9, 45, 1, 0, 3
9, 45, 1, 0, 3
9, 45, 1, 0, 3
9, 45, 1, 0, 3
9, 45, 1, 0, 3
9, 45, 1, 0, 3
9, 45, 1, 0, 3
9, 45, 1, 0, 3
9, 45, 1, 0, 3
9, 45, 1, 0, 3
9, 45, 1, 0, 3
9, 45, 1, 0, 3
9, 45, 1, 0, 3
9, 45, 1, 0, 3
9, 45, 1, 0, 3
9, 45, 1, 0, 3
9, 45, 1, 0, 3
9, 45, 1, 0, 3
9, 45, 1, 0, 3
9, 45, 1, 0, 3
9, 45, 1, 0, 3
9, 45, 1, 0, 3
9, 45, 1, 0, 3
9, 45, 1, 0, 3
9, 45, 1, 0, 3
9, 45, 1, 0, 3
9, 45, 1, 0, 3
9, 45, 1, 0, 3
9, 45, 1, 0, 3
9, 45, 1, 0, 3
9, 45, 1, 0, 3
9, 45, 1, 0, 3
9, 45, 1, 0, 3
9, 45, 1, 0, 3
9, 45, 1, 0, 3
9, 45, 1, 0, 3
9, 45, 1, 0, 3
9, 45, 1, 0, 3
9, 45, 1, 0, 3
9, 45, 1, 0, 3
9, 45, 1, 0, 3
10, 45, 1, 0, 3
10, 45, 1, 0, 3
10, 45, 1, 0, 3
10, 45, 1, 0, 3
10, 45, 1, 0, 3
10, 45, 1, 0, 3
10, 45, 1, 0, 3
10, 45, 1, 0, 3
10, 45, 1, 0, 3
10, 45, 1, 0, 3
10, 45, 1, 0, 3
10, 45, 1, 0, 3
10, 45, 1, 0, 3
10, 45, 1, 0, 3
10, 45, 1, 0, 3
10, 45, 1, 0, 3
10, 45, 1, 0, 3
10, 45, 1, 0, 3
10, 45, 1, 0, 3
10, 45, 1, 0, 3
10, 45, 1, 0, 3
10, 45, 1, 0, 3
10, 45, 1, 0, 3
10, 45, 1, 0, 3
10, 45, 1, 0, 3
10, 45, 1, 0, 3
10, 45, 1, 0, 3
10, 45, 1, 0, 3
10, 45, 1, 0, 3
10, 45, 1, 0, 3
10, 45, 1, 0, 3
10, 45, 1, 0, 3
10, 45, 1, 0, 3
10, 45, 1, 0, 3
10, 45, 1, 0, 3
10, 45, 1, 0, 3
10, 45, 1, 0, 3
10, 45, 1, 0, 3
10, 45, 1, 0, 3
10, 45, 1, 0, 3
10, 45, 1, 0, 3
10, 45, 1, 0, 3
10, 45, 1, 0, 3
10, 45, 1, 0, 3
10, 45, 1, 0, 3
11, 45, 1, 0, 3
11, 45, 1, 0, 3
11, 45, 1, 0, 3
11, 45, 1, 0, 3
11, 45, 1, 0, 3
11, 45, 1, 0, 3
11, 45, 1, 0, 3
11, 45, 1, 0, 3
11, 45, 1, 0, 3
11, 45, 1, 0, 3
11, 45, 1, 0, 3
11, 45, 1, 0, 3
11, 45, 1, 0, 3
11, 45, 1, 0, 3
11, 45, 1, 0, 3
11, 45, 1, 0, 3
11, 45, 1, 0, 3
11, 45, 1, 0, 3
11, 45, 1, 0, 3
11, 45, 1, 0, 3
11, 45, 1, 0, 3
11, 45, 1, 0, 3
11, 45, 1, 0, 3
11, 45, 1, 0, 3
11, 45, 1, 0, 3
11, 45, 1, 0, 3
11, 45, 1, 0, 3
11, 45, 1, 0, 3
11, 45, 1, 0, 3
11, 45, 1, 0, 3
11, 45, 1, 0, 3
11, 45, 1, 0, 3
11, 45, 1, 0, 3
11, 45, 1, 0, 3
11, 45, 1, 0, 3
11, 45, 1, 0, 3
11, 45, 1, 0, 3
11, 45, 1, 0, 3
11, 45, 1, 0, 3
11, 45, 1, 0, 3
11, 45, 1, 0, 3
11, 45, 1, 0, 3
11, 45, 1, 0, 3
11, 45, 1, 0, 3
11, 45, 1, 0, 3
Goal
0
1
2
3
4
5
6
7
8
9
10
11
