CG
21
0, 2, 20, 10
0, 2, 10, 10
1, 2, 18, 10
1, 2, 10, 10
2, 2, 19, 10
2, 2, 10, 10
3, 2, 12, 10
3, 2, 10, 10
4, 2, 20, 10
4, 2, 10, 10
5, 3, 20, 10
5, 3, 17, 10
5, 3, 10, 20
6, 3, 19, 10
6, 3, 18, 10
6, 3, 10, 20
7, 3, 19, 10
7, 3, 11, 10
7, 3, 10, 20
8, 3, 13, 10
8, 3, 16, 10
8, 3, 10, 20
9, 3, 14, 10
9, 3, 15, 10
9, 3, 10, 20
10, 10, 19, 20
10, 10, 11, 20
10, 10, 18, 20
10, 10, 20, 20
10, 10, 12, 20
10, 10, 13, 20
10, 10, 14, 20
10, 10, 15, 20
10, 10, 16, 20
10, 10, 17, 20
11, 2, 7, 1
11, 2, 10, 20
12, 2, 3, 1
12, 2, 10, 20
13, 2, 8, 1
13, 2, 10, 20
14, 2, 9, 1
14, 2, 10, 20
15, 2, 9, 1
15, 2, 10, 20
16, 2, 8, 1
16, 2, 10, 20
17, 2, 5, 1
17, 2, 10, 20
18, 3, 6, 1
18, 3, 1, 1
18, 3, 10, 20
19, 4, 6, 1
19, 4, 2, 1
19, 4, 7, 1
19, 4, 10, 20
20, 4, 5, 1
20, 4, 0, 1
20, 4, 4, 1
20, 4, 10, 20
DTG
0, 1, 1, 0, 2
1, 1, 1, 0, 2
2, 1, 1, 0, 2
3, 1, 1, 0, 2
4, 1, 1, 0, 2
5, 1, 1, 0, 3
6, 1, 1, 0, 3
7, 1, 1, 0, 3
8, 1, 1, 0, 3
9, 1, 1, 0, 3
10, 11, 0, 1, 1
10, 11, 0, 1, 3
10, 11, 0, 1, 3
10, 11, 0, 1, 3
10, 11, 0, 1, 3
10, 11, 0, 1, 3
10, 11, 0, 1, 3
10, 11, 0, 1, 3
10, 11, 0, 1, 4
10, 11, 0, 1, 5
10, 11, 0, 1, 5
10, 21, 1, 0, 2
10, 21, 1, 0, 2
10, 21, 1, 0, 2
10, 21, 1, 0, 2
10, 21, 1, 0, 2
10, 21, 1, 0, 2
10, 21, 1, 0, 2
10, 21, 1, 0, 2
10, 21, 1, 0, 2
10, 21, 1, 0, 2
10, 21, 1, 3, 1
10, 21, 1, 3, 3
10, 21, 1, 3, 3
10, 21, 1, 3, 3
10, 21, 1, 3, 3
10, 21, 1, 3, 3
10, 21, 1, 3, 3
10, 21, 1, 3, 3
10, 21, 1, 3, 4
10, 21, 1, 3, 5
10, 21, 1, 3, 5
10, 10, 2, 10, 2
10, 10, 2, 10, 2
10, 10, 2, 10, 2
10, 10, 2, 10, 2
10, 10, 2, 10, 2
10, 10, 2, 10, 2
10, 10, 2, 10, 2
10, 10, 2, 10, 2
10, 10, 2, 10, 2
10, 10, 2, 10, 2
10, 21, 3, 1, 2
10, 21, 3, 1, 2
10, 21, 3, 1, 2
10, 21, 3, 1, 2
10, 21, 3, 1, 2
10, 21, 3, 1, 2
10, 21, 3, 1, 2
10, 21, 3, 1, 2
10, 21, 3, 1, 2
10, 21, 3, 1, 2
10, 21, 3, 4, 1
10, 21, 3, 4, 3
10, 21, 3, 4, 3
10, 21, 3, 4, 3
10, 21, 3, 4, 3
10, 21, 3, 4, 3
10, 21, 3, 4, 3
10, 21, 3, 4, 3
10, 21, 3, 4, 4
10, 21, 3, 4, 5
10, 21, 3, 4, 5
10, 21, 4, 3, 2
10, 21, 4, 3, 2
10, 21, 4, 3, 2
10, 21, 4, 3, 2
10, 21, 4, 3, 2
10, 21, 4, 3, 2
10, 21, 4, 3, 2
10, 21, 4, 3, 2
10, 21, 4, 3, 2
10, 21, 4, 3, 2
10, 21, 4, 5, 1
10, 21, 4, 5, 3
10, 21, 4, 5, 3
10, 21, 4, 5, 3
10, 21, 4, 5, 3
10, 21, 4, 5, 3
10, 21, 4, 5, 3
10, 21, 4, 5, 3
10, 21, 4, 5, 4
10, 21, 4, 5, 5
10, 21, 4, 5, 5
10, 21, 5, 4, 2
10, 21, 5, 4, 2
10, 21, 5, 4, 2
10, 21, 5, 4, 2
10, 21, 5, 4, 2
10, 21, 5, 4, 2
10, 21, 5, 4, 2
10, 21, 5, 4, 2
10, 21, 5, 4, 2
10, 21, 5, 4, 2
10, 21, 5, 6, 1
10, 21, 5, 6, 3
10, 21, 5, 6, 3
10, 21, 5, 6, 3
10, 21, 5, 6, 3
10, 21, 5, 6, 3
10, 21, 5, 6, 3
10, 21, 5, 6, 3
10, 21, 5, 6, 4
10, 21, 5, 6, 5
10, 21, 5, 6, 5
10, 21, 6, 5, 2
10, 21, 6, 5, 2
10, 21, 6, 5, 2
10, 21, 6, 5, 2
10, 21, 6, 5, 2
10, 21, 6, 5, 2
10, 21, 6, 5, 2
10, 21, 6, 5, 2
10, 21, 6, 5, 2
10, 21, 6, 5, 2
10, 21, 6, 7, 1
10, 21, 6, 7, 3
10, 21, 6, 7, 3
10, 21, 6, 7, 3
10, 21, 6, 7, 3
10, 21, 6, 7, 3
10, 21, 6, 7, 3
10, 21, 6, 7, 3
10, 21, 6, 7, 4
10, 21, 6, 7, 5
10, 21, 6, 7, 5
10, 21, 7, 6, 2
10, 21, 7, 6, 2
10, 21, 7, 6, 2
10, 21, 7, 6, 2
10, 21, 7, 6, 2
10, 21, 7, 6, 2
10, 21, 7, 6, 2
10, 21, 7, 6, 2
10, 21, 7, 6, 2
10, 21, 7, 6, 2
10, 21, 7, 8, 1
10, 21, 7, 8, 3
10, 21, 7, 8, 3
10, 21, 7, 8, 3
10, 21, 7, 8, 3
10, 21, 7, 8, 3
10, 21, 7, 8, 3
10, 21, 7, 8, 3
10, 21, 7, 8, 4
10, 21, 7, 8, 5
10, 21, 7, 8, 5
10, 21, 8, 7, 2
10, 21, 8, 7, 2
10, 21, 8, 7, 2
10, 21, 8, 7, 2
10, 21, 8, 7, 2
10, 21, 8, 7, 2
10, 21, 8, 7, 2
10, 21, 8, 7, 2
10, 21, 8, 7, 2
10, 21, 8, 7, 2
10, 21, 8, 9, 1
10, 21, 8, 9, 3
10, 21, 8, 9, 3
10, 21, 8, 9, 3
10, 21, 8, 9, 3
10, 21, 8, 9, 3
10, 21, 8, 9, 3
10, 21, 8, 9, 3
10, 21, 8, 9, 4
10, 21, 8, 9, 5
10, 21, 8, 9, 5
10, 21, 9, 8, 2
10, 21, 9, 8, 2
10, 21, 9, 8, 2
10, 21, 9, 8, 2
10, 21, 9, 8, 2
10, 21, 9, 8, 2
10, 21, 9, 8, 2
10, 21, 9, 8, 2
10, 21, 9, 8, 2
10, 21, 9, 8, 2
10, 21, 9, 10, 1
10, 21, 9, 10, 3
10, 21, 9, 10, 3
10, 21, 9, 10, 3
10, 21, 9, 10, 3
10, 21, 9, 10, 3
10, 21, 9, 10, 3
10, 21, 9, 10, 3
10, 21, 9, 10, 4
10, 21, 9, 10, 5
10, 21, 9, 10, 5
10, 21, 10, 2, 1
10, 21, 10, 2, 3
10, 21, 10, 2, 3
10, 21, 10, 2, 3
10, 21, 10, 2, 3
10, 21, 10, 2, 3
10, 21, 10, 2, 3
10, 21, 10, 2, 3
10, 21, 10, 2, 4
10, 21, 10, 2, 5
10, 21, 10, 2, 5
10, 21, 10, 9, 2
10, 21, 10, 9, 2
10, 21, 10, 9, 2
10, 21, 10, 9, 2
10, 21, 10, 9, 2
10, 21, 10, 9, 2
10, 21, 10, 9, 2
10, 21, 10, 9, 2
10, 21, 10, 9, 2
10, 21, 10, 9, 2
11, 10, 1, 0, 3
11, 10, 1, 0, 3
11, 10, 1, 0, 3
11, 10, 1, 0, 3
11, 10, 1, 0, 3
11, 10, 1, 0, 3
11, 10, 1, 0, 3
11, 10, 1, 0, 3
11, 10, 1, 0, 3
11, 10, 1, 0, 3
11, 10, 2, 1, 2
11, 10, 2, 1, 2
11, 10, 2, 1, 2
11, 10, 2, 1, 2
11, 10, 2, 1, 2
11, 10, 2, 1, 2
11, 10, 2, 1, 2
11, 10, 2, 1, 2
11, 10, 2, 1, 2
11, 10, 2, 1, 2
12, 10, 1, 0, 3
12, 10, 1, 0, 3
12, 10, 1, 0, 3
12, 10, 1, 0, 3
12, 10, 1, 0, 3
12, 10, 1, 0, 3
12, 10, 1, 0, 3
12, 10, 1, 0, 3
12, 10, 1, 0, 3
12, 10, 1, 0, 3
12, 10, 2, 1, 2
12, 10, 2, 1, 2
12, 10, 2, 1, 2
12, 10, 2, 1, 2
12, 10, 2, 1, 2
12, 10, 2, 1, 2
12, 10, 2, 1, 2
12, 10, 2, 1, 2
12, 10, 2, 1, 2
12, 10, 2, 1, 2
13, 10, 1, 0, 3
13, 10, 1, 0, 3
13, 10, 1, 0, 3
13, 10, 1, 0, 3
13, 10, 1, 0, 3
13, 10, 1, 0, 3
13, 10, 1, 0, 3
13, 10, 1, 0, 3
13, 10, 1, 0, 3
13, 10, 1, 0, 3
13, 10, 2, 1, 2
13, 10, 2, 1, 2
13, 10, 2, 1, 2
13, 10, 2, 1, 2
13, 10, 2, 1, 2
13, 10, 2, 1, 2
13, 10, 2, 1, 2
13, 10, 2, 1, 2
13, 10, 2, 1, 2
13, 10, 2, 1, 2
14, 10, 1, 0, 3
14, 10, 1, 0, 3
14, 10, 1, 0, 3
14, 10, 1, 0, 3
14, 10, 1, 0, 3
14, 10, 1, 0, 3
14, 10, 1, 0, 3
14, 10, 1, 0, 3
14, 10, 1, 0, 3
14, 10, 1, 0, 3
14, 10, 2, 1, 2
14, 10, 2, 1, 2
14, 10, 2, 1, 2
14, 10, 2, 1, 2
14, 10, 2, 1, 2
14, 10, 2, 1, 2
14, 10, 2, 1, 2
14, 10, 2, 1, 2
14, 10, 2, 1, 2
14, 10, 2, 1, 2
15, 10, 1, 0, 3
15, 10, 1, 0, 3
15, 10, 1, 0, 3
15, 10, 1, 0, 3
15, 10, 1, 0, 3
15, 10, 1, 0, 3
15, 10, 1, 0, 3
15, 10, 1, 0, 3
15, 10, 1, 0, 3
15, 10, 1, 0, 3
15, 10, 2, 1, 2
15, 10, 2, 1, 2
15, 10, 2, 1, 2
15, 10, 2, 1, 2
15, 10, 2, 1, 2
15, 10, 2, 1, 2
15, 10, 2, 1, 2
15, 10, 2, 1, 2
15, 10, 2, 1, 2
15, 10, 2, 1, 2
16, 10, 1, 0, 3
16, 10, 1, 0, 3
16, 10, 1, 0, 3
16, 10, 1, 0, 3
16, 10, 1, 0, 3
16, 10, 1, 0, 3
16, 10, 1, 0, 3
16, 10, 1, 0, 3
16, 10, 1, 0, 3
16, 10, 1, 0, 3
16, 10, 2, 1, 2
16, 10, 2, 1, 2
16, 10, 2, 1, 2
16, 10, 2, 1, 2
16, 10, 2, 1, 2
16, 10, 2, 1, 2
16, 10, 2, 1, 2
16, 10, 2, 1, 2
16, 10, 2, 1, 2
16, 10, 2, 1, 2
17, 10, 1, 0, 3
17, 10, 1, 0, 3
17, 10, 1, 0, 3
17, 10, 1, 0, 3
17, 10, 1, 0, 3
17, 10, 1, 0, 3
17, 10, 1, 0, 3
17, 10, 1, 0, 3
17, 10, 1, 0, 3
17, 10, 1, 0, 3
17, 10, 2, 1, 2
17, 10, 2, 1, 2
17, 10, 2, 1, 2
17, 10, 2, 1, 2
17, 10, 2, 1, 2
17, 10, 2, 1, 2
17, 10, 2, 1, 2
17, 10, 2, 1, 2
17, 10, 2, 1, 2
17, 10, 2, 1, 2
18, 10, 1, 0, 4
18, 10, 1, 0, 4
18, 10, 1, 0, 4
18, 10, 1, 0, 4
18, 10, 1, 0, 4
18, 10, 1, 0, 4
18, 10, 1, 0, 4
18, 10, 1, 0, 4
18, 10, 1, 0, 4
18, 10, 1, 0, 4
18, 10, 2, 1, 2
18, 10, 2, 1, 2
18, 10, 2, 1, 2
18, 10, 2, 1, 2
18, 10, 2, 1, 2
18, 10, 2, 1, 2
18, 10, 2, 1, 2
18, 10, 2, 1, 2
18, 10, 2, 1, 2
18, 10, 2, 1, 2
19, 10, 1, 0, 5
19, 10, 1, 0, 5
19, 10, 1, 0, 5
19, 10, 1, 0, 5
19, 10, 1, 0, 5
19, 10, 1, 0, 5
19, 10, 1, 0, 5
19, 10, 1, 0, 5
19, 10, 1, 0, 5
19, 10, 1, 0, 5
19, 10, 2, 1, 2
19, 10, 2, 1, 2
19, 10, 2, 1, 2
19, 10, 2, 1, 2
19, 10, 2, 1, 2
19, 10, 2, 1, 2
19, 10, 2, 1, 2
19, 10, 2, 1, 2
19, 10, 2, 1, 2
19, 10, 2, 1, 2
20, 10, 1, 0, 5
20, 10, 1, 0, 5
20, 10, 1, 0, 5
20, 10, 1, 0, 5
20, 10, 1, 0, 5
20, 10, 1, 0, 5
20, 10, 1, 0, 5
20, 10, 1, 0, 5
20, 10, 1, 0, 5
20, 10, 1, 0, 5
20, 10, 2, 1, 2
20, 10, 2, 1, 2
20, 10, 2, 1, 2
20, 10, 2, 1, 2
20, 10, 2, 1, 2
20, 10, 2, 1, 2
20, 10, 2, 1, 2
20, 10, 2, 1, 2
20, 10, 2, 1, 2
20, 10, 2, 1, 2
Goal
11
12
13
14
15
16
17
18
19
20
