CG
26
0, 4, 24, 1
0, 4, 25, 1
0, 4, 23, 3
0, 4, 6, 2
1, 5, 24, 2
1, 5, 25, 2
1, 5, 23, 6
1, 5, 7, 2
1, 5, 8, 2
2, 5, 24, 2
2, 5, 25, 2
2, 5, 23, 6
2, 5, 9, 2
2, 5, 10, 2
3, 5, 24, 2
3, 5, 25, 2
3, 5, 23, 6
3, 5, 11, 2
3, 5, 5, 2
4, 5, 24, 2
4, 5, 25, 2
4, 5, 23, 6
4, 5, 12, 2
4, 5, 5, 2
5, 4, 24, 1
5, 4, 25, 1
5, 4, 23, 5
5, 4, 17, 2
6, 4, 24, 1
6, 4, 25, 1
6, 4, 23, 4
6, 4, 15, 2
7, 5, 24, 2
7, 5, 25, 2
7, 5, 23, 7
7, 5, 14, 2
7, 5, 19, 2
8, 5, 24, 2
8, 5, 25, 2
8, 5, 23, 7
8, 5, 19, 2
8, 5, 16, 2
9, 5, 24, 2
9, 5, 25, 2
9, 5, 23, 7
9, 5, 14, 2
9, 5, 18, 2
10, 5, 24, 2
10, 5, 25, 2
10, 5, 23, 7
10, 5, 18, 2
10, 5, 15, 2
11, 5, 24, 2
11, 5, 25, 2
11, 5, 23, 7
11, 5, 16, 2
11, 5, 17, 2
12, 5, 24, 2
12, 5, 25, 2
12, 5, 23, 7
12, 5, 22, 2
12, 5, 17, 2
13, 5, 24, 2
13, 5, 25, 2
13, 5, 23, 7
13, 5, 18, 2
13, 5, 22, 2
14, 6, 24, 3
14, 6, 25, 3
14, 6, 23, 9
14, 6, 7, 2
14, 6, 9, 2
14, 6, 20, 2
15, 6, 24, 3
15, 6, 25, 3
15, 6, 23, 9
15, 6, 10, 2
15, 6, 13, 2
15, 6, 6, 2
16, 6, 24, 3
16, 6, 25, 3
16, 6, 23, 9
16, 6, 8, 2
16, 6, 21, 2
16, 6, 11, 2
17, 4, 24, 1
17, 4, 25, 1
17, 4, 23, 6
17, 4, 21, 2
18, 4, 24, 1
18, 4, 25, 1
18, 4, 23, 6
18, 4, 20, 2
19, 5, 24, 2
19, 5, 25, 2
19, 5, 23, 8
19, 5, 20, 2
19, 5, 21, 2
20, 6, 24, 3
20, 6, 25, 3
20, 6, 23, 10
20, 6, 19, 2
20, 6, 18, 2
20, 6, 22, 2
21, 6, 24, 3
21, 6, 25, 3
21, 6, 23, 10
21, 6, 19, 2
21, 6, 22, 2
21, 6, 17, 2
22, 7, 24, 4
22, 7, 25, 4
22, 7, 23, 12
22, 7, 20, 2
22, 7, 21, 2
22, 7, 13, 2
22, 7, 12, 2
23, 25, 24, 48
23, 25, 25, 48
23, 25, 1, 4
23, 25, 7, 8
23, 25, 14, 10
23, 25, 9, 8
23, 25, 2, 4
23, 25, 8, 8
23, 25, 19, 12
23, 25, 20, 14
23, 25, 18, 10
23, 25, 10, 8
23, 25, 16, 10
23, 25, 21, 14
23, 25, 22, 16
23, 25, 13, 8
23, 25, 15, 10
23, 25, 11, 8
23, 25, 17, 10
23, 25, 12, 8
23, 25, 6, 6
23, 25, 3, 4
23, 25, 5, 6
23, 25, 4, 4
23, 25, 0, 2
24, 24, 23, 48
24, 24, 1, 2
24, 24, 7, 4
24, 24, 14, 5
24, 24, 9, 4
24, 24, 2, 2
24, 24, 8, 4
24, 24, 19, 6
24, 24, 20, 7
24, 24, 18, 5
24, 24, 10, 4
24, 24, 16, 5
24, 24, 21, 7
24, 24, 22, 8
24, 24, 13, 4
24, 24, 15, 5
24, 24, 11, 4
24, 24, 17, 5
24, 24, 12, 4
24, 24, 6, 3
24, 24, 3, 2
24, 24, 5, 3
24, 24, 4, 2
24, 24, 0, 1
25, 24, 23, 48
25, 24, 1, 2
25, 24, 7, 4
25, 24, 14, 5
25, 24, 9, 4
25, 24, 2, 2
25, 24, 8, 4
25, 24, 19, 6
25, 24, 20, 7
25, 24, 18, 5
25, 24, 10, 4
25, 24, 16, 5
25, 24, 21, 7
25, 24, 22, 8
25, 24, 13, 4
25, 24, 15, 5
25, 24, 11, 4
25, 24, 17, 5
25, 24, 12, 4
25, 24, 6, 3
25, 24, 3, 2
25, 24, 5, 3
25, 24, 4, 2
25, 24, 0, 1
DTG
0, 2, 0, 1, 3
0, 2, 0, 1, 3
1, 4, 0, 1, 3
1, 4, 0, 1, 3
1, 4, 0, 1, 3
1, 4, 0, 1, 3
2, 4, 0, 1, 3
2, 4, 0, 1, 3
2, 4, 0, 1, 3
2, 4, 0, 1, 3
3, 4, 0, 1, 3
3, 4, 0, 1, 3
3, 4, 0, 1, 3
3, 4, 0, 1, 3
4, 4, 0, 1, 3
4, 4, 0, 1, 3
4, 4, 0, 1, 3
4, 4, 0, 1, 3
5, 2, 0, 1, 3
5, 2, 0, 1, 3
5, 4, 1, 0, 4
5, 4, 1, 0, 4
5, 4, 1, 0, 4
5, 4, 1, 0, 4
6, 2, 0, 1, 3
6, 2, 0, 1, 3
6, 4, 1, 0, 4
6, 4, 1, 0, 4
6, 4, 1, 0, 4
6, 4, 1, 0, 4
7, 4, 0, 1, 3
7, 4, 0, 1, 3
7, 4, 0, 1, 3
7, 4, 0, 1, 3
7, 4, 1, 0, 4
7, 4, 1, 0, 4
7, 4, 1, 0, 4
7, 4, 1, 0, 4
8, 4, 0, 1, 3
8, 4, 0, 1, 3
8, 4, 0, 1, 3
8, 4, 0, 1, 3
8, 4, 1, 0, 4
8, 4, 1, 0, 4
8, 4, 1, 0, 4
8, 4, 1, 0, 4
9, 4, 0, 1, 3
9, 4, 0, 1, 3
9, 4, 0, 1, 3
9, 4, 0, 1, 3
9, 4, 1, 0, 4
9, 4, 1, 0, 4
9, 4, 1, 0, 4
9, 4, 1, 0, 4
10, 4, 0, 1, 3
10, 4, 0, 1, 3
10, 4, 0, 1, 3
10, 4, 0, 1, 3
10, 4, 1, 0, 4
10, 4, 1, 0, 4
10, 4, 1, 0, 4
10, 4, 1, 0, 4
11, 4, 0, 1, 3
11, 4, 0, 1, 3
11, 4, 0, 1, 3
11, 4, 0, 1, 3
11, 4, 1, 0, 4
11, 4, 1, 0, 4
11, 4, 1, 0, 4
11, 4, 1, 0, 4
12, 4, 0, 1, 3
12, 4, 0, 1, 3
12, 4, 0, 1, 3
12, 4, 0, 1, 3
12, 4, 1, 0, 4
12, 4, 1, 0, 4
12, 4, 1, 0, 4
12, 4, 1, 0, 4
13, 4, 0, 1, 3
13, 4, 0, 1, 3
13, 4, 0, 1, 3
13, 4, 0, 1, 3
13, 4, 1, 0, 4
13, 4, 1, 0, 4
13, 4, 1, 0, 4
13, 4, 1, 0, 4
14, 6, 0, 1, 3
14, 6, 0, 1, 3
14, 6, 0, 1, 3
14, 6, 0, 1, 3
14, 6, 0, 1, 3
14, 6, 0, 1, 3
14, 4, 1, 0, 4
14, 4, 1, 0, 4
14, 4, 1, 0, 4
14, 4, 1, 0, 4
15, 6, 0, 1, 3
15, 6, 0, 1, 3
15, 6, 0, 1, 3
15, 6, 0, 1, 3
15, 6, 0, 1, 3
15, 6, 0, 1, 3
15, 4, 1, 0, 4
15, 4, 1, 0, 4
15, 4, 1, 0, 4
15, 4, 1, 0, 4
16, 6, 0, 1, 3
16, 6, 0, 1, 3
16, 6, 0, 1, 3
16, 6, 0, 1, 3
16, 6, 0, 1, 3
16, 6, 0, 1, 3
16, 4, 1, 0, 4
16, 4, 1, 0, 4
16, 4, 1, 0, 4
16, 4, 1, 0, 4
17, 2, 0, 1, 3
17, 2, 0, 1, 3
17, 8, 1, 0, 4
17, 8, 1, 0, 4
17, 8, 1, 0, 4
17, 8, 1, 0, 4
17, 8, 1, 0, 4
17, 8, 1, 0, 4
17, 8, 1, 0, 4
17, 8, 1, 0, 4
18, 2, 0, 1, 3
18, 2, 0, 1, 3
18, 8, 1, 0, 4
18, 8, 1, 0, 4
18, 8, 1, 0, 4
18, 8, 1, 0, 4
18, 8, 1, 0, 4
18, 8, 1, 0, 4
18, 8, 1, 0, 4
18, 8, 1, 0, 4
19, 4, 0, 1, 3
19, 4, 0, 1, 3
19, 4, 0, 1, 3
19, 4, 0, 1, 3
19, 8, 1, 0, 4
19, 8, 1, 0, 4
19, 8, 1, 0, 4
19, 8, 1, 0, 4
19, 8, 1, 0, 4
19, 8, 1, 0, 4
19, 8, 1, 0, 4
19, 8, 1, 0, 4
20, 6, 0, 1, 3
20, 6, 0, 1, 3
20, 6, 0, 1, 3
20, 6, 0, 1, 3
20, 6, 0, 1, 3
20, 6, 0, 1, 3
20, 8, 1, 0, 4
20, 8, 1, 0, 4
20, 8, 1, 0, 4
20, 8, 1, 0, 4
20, 8, 1, 0, 4
20, 8, 1, 0, 4
20, 8, 1, 0, 4
20, 8, 1, 0, 4
21, 6, 0, 1, 3
21, 6, 0, 1, 3
21, 6, 0, 1, 3
21, 6, 0, 1, 3
21, 6, 0, 1, 3
21, 6, 0, 1, 3
21, 8, 1, 0, 4
21, 8, 1, 0, 4
21, 8, 1, 0, 4
21, 8, 1, 0, 4
21, 8, 1, 0, 4
21, 8, 1, 0, 4
21, 8, 1, 0, 4
21, 8, 1, 0, 4
22, 8, 0, 1, 3
22, 8, 0, 1, 3
22, 8, 0, 1, 3
22, 8, 0, 1, 3
22, 8, 0, 1, 3
22, 8, 0, 1, 3
22, 8, 0, 1, 3
22, 8, 0, 1, 3
22, 8, 1, 0, 4
22, 8, 1, 0, 4
22, 8, 1, 0, 4
22, 8, 1, 0, 4
22, 8, 1, 0, 4
22, 8, 1, 0, 4
22, 8, 1, 0, 4
22, 8, 1, 0, 4
23, 6, 0, 1, 2
23, 6, 0, 1, 3
23, 6, 0, 1, 3
23, 6, 0, 5, 2
23, 6, 0, 5, 3
23, 6, 0, 5, 3
23, 7, 1, 0, 2
23, 7, 1, 2, 2
23, 7, 1, 2, 3
23, 7, 1, 2, 3
23, 7, 1, 6, 2
23, 7, 1, 6, 3
23, 7, 1, 6, 3
23, 9, 2, 1, 2
23, 9, 2, 1, 3
23, 9, 2, 1, 3
23, 9, 2, 3, 2
23, 9, 2, 3, 3
23, 9, 2, 3, 3
23, 9, 2, 7, 2
23, 9, 2, 7, 3
23, 9, 2, 7, 3
23, 7, 3, 2, 2
23, 7, 3, 2, 3
23, 7, 3, 2, 3
23, 7, 3, 4, 2
23, 7, 3, 8, 2
23, 7, 3, 8, 3
23, 7, 3, 8, 3
23, 6, 4, 3, 2
23, 6, 4, 3, 3
23, 6, 4, 3, 3
23, 6, 4, 9, 2
23, 6, 4, 9, 3
23, 6, 4, 9, 3
23, 7, 5, 0, 2
23, 7, 5, 6, 2
23, 7, 5, 6, 3
23, 7, 5, 6, 3
23, 7, 5, 10, 2
23, 7, 5, 10, 3
23, 7, 5, 10, 3
23, 8, 6, 1, 2
23, 8, 6, 5, 2
23, 8, 6, 7, 2
23, 8, 6, 7, 3
23, 8, 6, 7, 3
23, 8, 6, 11, 2
23, 8, 6, 11, 3
23, 8, 6, 11, 3
23, 10, 7, 2, 2
23, 10, 7, 6, 2
23, 10, 7, 6, 3
23, 10, 7, 6, 3
23, 10, 7, 8, 2
23, 10, 7, 8, 3
23, 10, 7, 8, 3
23, 10, 7, 12, 2
23, 10, 7, 12, 3
23, 10, 7, 12, 3
23, 6, 8, 3, 2
23, 6, 8, 7, 2
23, 6, 8, 7, 3
23, 6, 8, 7, 3
23, 6, 8, 9, 2
23, 6, 8, 13, 2
23, 7, 9, 4, 2
23, 7, 9, 8, 2
23, 7, 9, 8, 3
23, 7, 9, 8, 3
23, 7, 9, 14, 2
23, 7, 9, 14, 3
23, 7, 9, 14, 3
23, 9, 10, 5, 2
23, 9, 10, 5, 3
23, 9, 10, 5, 3
23, 9, 10, 11, 2
23, 9, 10, 11, 3
23, 9, 10, 11, 3
23, 9, 10, 15, 2
23, 9, 10, 15, 3
23, 9, 10, 15, 3
23, 10, 11, 6, 2
23, 10, 11, 6, 3
23, 10, 11, 6, 3
23, 10, 11, 10, 2
23, 10, 11, 12, 2
23, 10, 11, 12, 3
23, 10, 11, 12, 3
23, 10, 11, 16, 2
23, 10, 11, 16, 3
23, 10, 11, 16, 3
23, 12, 12, 7, 2
23, 12, 12, 7, 3
23, 12, 12, 7, 3
23, 12, 12, 11, 2
23, 12, 12, 11, 3
23, 12, 12, 11, 3
23, 12, 12, 13, 2
23, 12, 12, 13, 3
23, 12, 12, 13, 3
23, 12, 12, 17, 2
23, 12, 12, 17, 3
23, 12, 12, 17, 3
23, 7, 13, 8, 2
23, 7, 13, 8, 3
23, 7, 13, 8, 3
23, 7, 13, 12, 2
23, 7, 13, 12, 3
23, 7, 13, 12, 3
23, 7, 13, 14, 2
23, 9, 14, 9, 2
23, 9, 14, 9, 3
23, 9, 14, 9, 3
23, 9, 14, 13, 2
23, 9, 14, 13, 3
23, 9, 14, 13, 3
23, 9, 14, 18, 2
23, 9, 14, 18, 3
23, 9, 14, 18, 3
23, 7, 15, 10, 2
23, 7, 15, 10, 3
23, 7, 15, 10, 3
23, 7, 15, 16, 2
23, 7, 15, 16, 3
23, 7, 15, 16, 3
23, 7, 15, 19, 2
23, 6, 16, 11, 2
23, 6, 16, 11, 3
23, 6, 16, 11, 3
23, 6, 16, 15, 2
23, 6, 16, 17, 2
23, 6, 16, 20, 2
23, 7, 17, 12, 2
23, 7, 17, 12, 3
23, 7, 17, 12, 3
23, 7, 17, 16, 2
23, 7, 17, 16, 3
23, 7, 17, 16, 3
23, 7, 17, 21, 2
23, 4, 18, 14, 2
23, 4, 18, 14, 3
23, 4, 18, 14, 3
23, 4, 18, 22, 2
23, 6, 19, 15, 2
23, 6, 19, 15, 3
23, 6, 19, 15, 3
23, 6, 19, 20, 2
23, 6, 19, 20, 3
23, 6, 19, 20, 3
23, 5, 20, 16, 2
23, 5, 20, 16, 3
23, 5, 20, 16, 3
23, 5, 20, 19, 2
23, 5, 20, 21, 2
23, 6, 21, 17, 2
23, 6, 21, 17, 3
23, 6, 21, 17, 3
23, 6, 21, 20, 2
23, 6, 21, 20, 3
23, 6, 21, 20, 3
23, 3, 22, 18, 2
23, 3, 22, 18, 3
23, 3, 22, 18, 3
24, 2, 1, 0, 3
24, 2, 1, 2, 3
24, 2, 2, 1, 3
24, 2, 2, 3, 3
24, 2, 3, 2, 3
24, 2, 3, 4, 3
24, 2, 5, 0, 3
24, 2, 5, 10, 3
24, 4, 6, 1, 3
24, 4, 6, 5, 3
24, 4, 6, 7, 3
24, 4, 6, 11, 3
24, 4, 7, 2, 3
24, 4, 7, 6, 3
24, 4, 7, 8, 3
24, 4, 7, 12, 3
24, 4, 8, 3, 3
24, 4, 8, 7, 3
24, 4, 8, 9, 3
24, 4, 8, 13, 3
24, 2, 9, 4, 3
24, 2, 9, 14, 3
24, 2, 10, 5, 3
24, 2, 10, 15, 3
24, 4, 11, 6, 3
24, 4, 11, 10, 3
24, 4, 11, 12, 3
24, 4, 11, 16, 3
24, 4, 12, 7, 3
24, 4, 12, 11, 3
24, 4, 12, 13, 3
24, 4, 12, 17, 3
24, 2, 13, 12, 3
24, 2, 13, 14, 3
24, 2, 14, 9, 3
24, 2, 14, 18, 3
24, 2, 15, 10, 3
24, 2, 15, 19, 3
24, 4, 16, 11, 3
24, 4, 16, 15, 3
24, 4, 16, 17, 3
24, 4, 16, 20, 3
24, 2, 17, 12, 3
24, 2, 17, 21, 3
24, 2, 18, 14, 3
24, 2, 18, 22, 3
24, 2, 20, 19, 3
24, 2, 20, 21, 3
25, 2, 1, 0, 3
25, 2, 1, 2, 3
25, 2, 2, 1, 3
25, 2, 2, 3, 3
25, 2, 3, 2, 3
25, 2, 3, 4, 3
25, 2, 5, 0, 3
25, 2, 5, 10, 3
25, 4, 6, 1, 3
25, 4, 6, 5, 3
25, 4, 6, 7, 3
25, 4, 6, 11, 3
25, 4, 7, 2, 3
25, 4, 7, 6, 3
25, 4, 7, 8, 3
25, 4, 7, 12, 3
25, 4, 8, 3, 3
25, 4, 8, 7, 3
25, 4, 8, 9, 3
25, 4, 8, 13, 3
25, 2, 9, 4, 3
25, 2, 9, 14, 3
25, 2, 10, 5, 3
25, 2, 10, 15, 3
25, 4, 11, 6, 3
25, 4, 11, 10, 3
25, 4, 11, 12, 3
25, 4, 11, 16, 3
25, 4, 12, 7, 3
25, 4, 12, 11, 3
25, 4, 12, 13, 3
25, 4, 12, 17, 3
25, 2, 13, 12, 3
25, 2, 13, 14, 3
25, 2, 14, 9, 3
25, 2, 14, 18, 3
25, 2, 15, 10, 3
25, 2, 15, 19, 3
25, 4, 16, 11, 3
25, 4, 16, 15, 3
25, 4, 16, 17, 3
25, 4, 16, 20, 3
25, 2, 17, 12, 3
25, 2, 17, 21, 3
25, 2, 18, 14, 3
25, 2, 18, 22, 3
25, 2, 20, 19, 3
25, 2, 20, 21, 3
Goal
24
25
