CG
74
0, 5, 71, 1
0, 5, 72, 1
0, 5, 73, 1
0, 5, 70, 5
0, 5, 7, 3
1, 5, 71, 1
1, 5, 72, 1
1, 5, 73, 1
1, 5, 70, 5
1, 5, 8, 3
2, 5, 71, 1
2, 5, 72, 1
2, 5, 73, 1
2, 5, 70, 4
2, 5, 9, 3
3, 6, 71, 2
3, 6, 72, 2
3, 6, 73, 2
3, 6, 70, 8
3, 6, 11, 3
3, 6, 12, 3
4, 6, 71, 2
4, 6, 72, 2
4, 6, 73, 2
4, 6, 70, 8
4, 6, 13, 3
4, 6, 14, 3
5, 6, 71, 2
5, 6, 72, 2
5, 6, 73, 2
5, 6, 70, 8
5, 6, 60, 3
5, 6, 15, 3
6, 6, 71, 2
6, 6, 72, 2
6, 6, 73, 2
6, 6, 70, 8
6, 6, 16, 3
6, 6, 17, 3
7, 5, 71, 1
7, 5, 72, 1
7, 5, 73, 1
7, 5, 70, 6
7, 5, 18, 3
8, 5, 71, 1
8, 5, 72, 1
8, 5, 73, 1
8, 5, 70, 6
8, 5, 19, 3
9, 5, 71, 1
9, 5, 72, 1
9, 5, 73, 1
9, 5, 70, 5
9, 5, 20, 3
10, 5, 71, 1
10, 5, 72, 1
10, 5, 73, 1
10, 5, 70, 5
10, 5, 21, 3
11, 6, 71, 2
11, 6, 72, 2
11, 6, 73, 2
11, 6, 70, 9
11, 6, 34, 3
11, 6, 51, 3
12, 6, 71, 2
12, 6, 72, 2
12, 6, 73, 2
12, 6, 70, 9
12, 6, 51, 3
12, 6, 35, 3
13, 6, 71, 2
13, 6, 72, 2
13, 6, 73, 2
13, 6, 70, 9
13, 6, 36, 3
13, 6, 54, 3
14, 6, 71, 2
14, 6, 72, 2
14, 6, 73, 2
14, 6, 70, 9
14, 6, 54, 3
14, 6, 37, 3
15, 6, 71, 2
15, 6, 72, 2
15, 6, 73, 2
15, 6, 70, 9
15, 6, 61, 3
15, 6, 22, 3
16, 6, 71, 2
16, 6, 72, 2
16, 6, 73, 2
16, 6, 70, 9
16, 6, 23, 3
16, 6, 50, 3
17, 6, 71, 2
17, 6, 72, 2
17, 6, 73, 2
17, 6, 70, 9
17, 6, 50, 3
17, 6, 24, 3
18, 6, 71, 2
18, 6, 72, 2
18, 6, 73, 2
18, 6, 70, 9
18, 6, 55, 3
18, 6, 7, 3
19, 6, 71, 2
19, 6, 72, 2
19, 6, 73, 2
19, 6, 70, 9
19, 6, 33, 3
19, 6, 8, 3
20, 6, 71, 2
20, 6, 72, 2
20, 6, 73, 2
20, 6, 70, 8
20, 6, 38, 3
20, 6, 9, 3
21, 6, 71, 2
21, 6, 72, 2
21, 6, 73, 2
21, 6, 70, 8
21, 6, 10, 3
21, 6, 55, 3
22, 6, 71, 2
22, 6, 72, 2
22, 6, 73, 2
22, 6, 70, 9
22, 6, 56, 3
22, 6, 15, 3
23, 6, 71, 2
23, 6, 72, 2
23, 6, 73, 2
23, 6, 70, 9
23, 6, 25, 3
23, 6, 16, 3
24, 6, 71, 2
24, 6, 72, 2
24, 6, 73, 2
24, 6, 70, 9
24, 6, 17, 3
24, 6, 33, 3
25, 6, 71, 2
25, 6, 72, 2
25, 6, 73, 2
25, 6, 70, 9
25, 6, 39, 3
25, 6, 23, 3
26, 6, 71, 2
26, 6, 72, 2
26, 6, 73, 2
26, 6, 70, 9
26, 6, 34, 3
26, 6, 41, 3
27, 6, 71, 2
27, 6, 72, 2
27, 6, 73, 2
27, 6, 70, 9
27, 6, 57, 3
27, 6, 59, 3
28, 6, 71, 2
28, 6, 72, 2
28, 6, 73, 2
28, 6, 70, 9
28, 6, 43, 3
28, 6, 53, 3
29, 6, 71, 2
29, 6, 72, 2
29, 6, 73, 2
29, 6, 70, 9
29, 6, 44, 3
29, 6, 66, 3
30, 6, 71, 2
30, 6, 72, 2
30, 6, 73, 2
30, 6, 70, 9
30, 6, 50, 3
30, 6, 55, 3
31, 6, 71, 2
31, 6, 72, 2
31, 6, 73, 2
31, 6, 70, 9
31, 6, 32, 3
31, 6, 50, 3
32, 6, 71, 2
32, 6, 72, 2
32, 6, 73, 2
32, 6, 70, 9
32, 6, 58, 3
32, 6, 31, 3
33, 7, 71, 3
33, 7, 72, 3
33, 7, 73, 3
33, 7, 70, 12
33, 7, 55, 3
33, 7, 24, 3
33, 7, 19, 3
34, 7, 71, 3
34, 7, 72, 3
34, 7, 73, 3
34, 7, 70, 12
34, 7, 11, 3
34, 7, 26, 3
34, 7, 57, 3
35, 7, 71, 3
35, 7, 72, 3
35, 7, 73, 3
35, 7, 70, 12
35, 7, 12, 3
35, 7, 52, 3
35, 7, 40, 3
36, 7, 71, 3
36, 7, 72, 3
36, 7, 73, 3
36, 7, 70, 12
36, 7, 42, 3
36, 7, 13, 3
36, 7, 62, 3
37, 7, 71, 3
37, 7, 72, 3
37, 7, 73, 3
37, 7, 70, 12
37, 7, 14, 3
37, 7, 64, 3
37, 7, 45, 3
38, 7, 71, 3
38, 7, 72, 3
38, 7, 73, 3
38, 7, 70, 12
38, 7, 46, 3
38, 7, 22, 3
38, 7, 20, 3
39, 7, 71, 3
39, 7, 72, 3
39, 7, 73, 3
39, 7, 70, 12
39, 7, 40, 3
39, 7, 58, 3
39, 7, 25, 3
40, 7, 71, 3
40, 7, 72, 3
40, 7, 73, 3
40, 7, 70, 12
40, 7, 35, 3
40, 7, 53, 3
40, 7, 39, 3
41, 7, 71, 3
41, 7, 72, 3
41, 7, 73, 3
41, 7, 70, 12
41, 7, 26, 3
41, 7, 42, 3
41, 7, 59, 3
42, 7, 71, 3
42, 7, 72, 3
42, 7, 73, 3
42, 7, 70, 12
42, 7, 41, 3
42, 7, 36, 3
42, 7, 63, 3
43, 7, 71, 3
43, 7, 72, 3
43, 7, 73, 3
43, 7, 70, 12
43, 7, 57, 3
43, 7, 52, 3
43, 7, 28, 3
44, 7, 71, 3
44, 7, 72, 3
44, 7, 73, 3
44, 7, 70, 12
44, 7, 59, 3
44, 7, 67, 3
44, 7, 29, 3
45, 7, 71, 3
45, 7, 72, 3
45, 7, 73, 3
45, 7, 70, 12
45, 7, 37, 3
45, 7, 65, 3
45, 7, 46, 3
46, 7, 71, 3
46, 7, 72, 3
46, 7, 73, 3
46, 7, 70, 12
46, 7, 45, 3
46, 7, 56, 3
46, 7, 38, 3
47, 7, 71, 3
47, 7, 72, 3
47, 7, 73, 3
47, 7, 70, 12
47, 7, 28, 3
47, 7, 58, 3
47, 7, 48, 3
48, 7, 71, 3
48, 7, 72, 3
48, 7, 73, 3
48, 7, 70, 12
48, 7, 47, 3
48, 7, 49, 3
48, 7, 10, 3
49, 7, 71, 3
49, 7, 72, 3
49, 7, 73, 3
49, 7, 70, 12
49, 7, 29, 3
49, 7, 48, 3
49, 7, 60, 3
50, 6, 71, 2
50, 6, 72, 2
50, 6, 73, 2
50, 6, 70, 10
50, 6, 31, 3
50, 6, 30, 3
51, 6, 71, 2
51, 6, 72, 2
51, 6, 73, 2
51, 6, 70, 10
51, 6, 57, 3
51, 6, 52, 3
52, 6, 71, 2
52, 6, 72, 2
52, 6, 73, 2
52, 6, 70, 10
52, 6, 51, 3
52, 6, 53, 3
53, 6, 71, 2
53, 6, 72, 2
53, 6, 73, 2
53, 6, 70, 10
53, 6, 52, 3
53, 6, 58, 3
54, 6, 71, 2
54, 6, 72, 2
54, 6, 73, 2
54, 6, 70, 10
54, 6, 62, 3
54, 6, 64, 3
55, 7, 71, 3
55, 7, 72, 3
55, 7, 73, 3
55, 7, 70, 13
55, 7, 21, 3
55, 7, 30, 3
55, 7, 18, 3
56, 6, 71, 2
56, 6, 72, 2
56, 6, 73, 2
56, 6, 70, 10
56, 6, 65, 3
56, 6, 61, 3
57, 7, 71, 3
57, 7, 72, 3
57, 7, 73, 3
57, 7, 70, 13
57, 7, 51, 3
57, 7, 27, 3
57, 7, 43, 3
58, 7, 71, 3
58, 7, 72, 3
58, 7, 73, 3
58, 7, 70, 13
58, 7, 53, 3
58, 7, 47, 3
58, 7, 32, 3
59, 7, 71, 3
59, 7, 72, 3
59, 7, 73, 3
59, 7, 70, 13
59, 7, 27, 3
59, 7, 63, 3
59, 7, 44, 3
60, 7, 71, 3
60, 7, 72, 3
60, 7, 73, 3
60, 7, 70, 13
60, 7, 66, 3
60, 7, 49, 3
60, 7, 61, 3
61, 7, 71, 3
61, 7, 72, 3
61, 7, 73, 3
61, 7, 70, 13
61, 7, 68, 3
61, 7, 60, 3
61, 7, 56, 3
62, 7, 71, 3
62, 7, 72, 3
62, 7, 73, 3
62, 7, 70, 13
62, 7, 63, 3
62, 7, 54, 3
62, 7, 69, 3
63, 7, 71, 3
63, 7, 72, 3
63, 7, 73, 3
63, 7, 70, 13
63, 7, 59, 3
63, 7, 62, 3
63, 7, 67, 3
64, 7, 71, 3
64, 7, 72, 3
64, 7, 73, 3
64, 7, 70, 13
64, 7, 54, 3
64, 7, 69, 3
64, 7, 65, 3
65, 7, 71, 3
65, 7, 72, 3
65, 7, 73, 3
65, 7, 70, 13
65, 7, 64, 3
65, 7, 68, 3
65, 7, 56, 3
66, 7, 71, 3
66, 7, 72, 3
66, 7, 73, 3
66, 7, 70, 13
66, 7, 67, 3
66, 7, 68, 3
66, 7, 60, 3
67, 7, 71, 3
67, 7, 72, 3
67, 7, 73, 3
67, 7, 70, 13
67, 7, 63, 3
67, 7, 69, 3
67, 7, 66, 3
68, 8, 71, 4
68, 8, 72, 4
68, 8, 73, 4
68, 8, 70, 16
68, 8, 69, 3
68, 8, 66, 3
68, 8, 65, 3
68, 8, 61, 3
69, 8, 71, 4
69, 8, 72, 4
69, 8, 73, 4
69, 8, 70, 16
69, 8, 62, 3
69, 8, 67, 3
69, 8, 64, 3
69, 8, 68, 3
70, 73, 71, 166
70, 73, 72, 166
70, 73, 73, 166
70, 73, 3, 6
70, 73, 11, 12
70, 73, 34, 15
70, 73, 26, 12
70, 73, 41, 15
70, 73, 42, 15
70, 73, 36, 15
70, 73, 13, 12
70, 73, 4, 6
70, 73, 12, 12
70, 73, 51, 18
70, 73, 57, 21
70, 73, 27, 12
70, 73, 59, 21
70, 73, 63, 21
70, 73, 62, 21
70, 73, 54, 18
70, 73, 14, 12
70, 73, 35, 15
70, 73, 52, 18
70, 73, 43, 15
70, 73, 44, 15
70, 73, 67, 21
70, 73, 69, 24
70, 73, 64, 21
70, 73, 37, 15
70, 73, 40, 15
70, 73, 53, 18
70, 73, 28, 12
70, 73, 29, 12
70, 73, 66, 21
70, 73, 68, 24
70, 73, 65, 21
70, 73, 45, 15
70, 73, 39, 15
70, 73, 58, 21
70, 73, 47, 15
70, 73, 48, 15
70, 73, 49, 15
70, 73, 60, 21
70, 73, 61, 21
70, 73, 56, 18
70, 73, 46, 15
70, 73, 25, 12
70, 73, 32, 12
70, 73, 10, 9
70, 73, 5, 6
70, 73, 15, 12
70, 73, 22, 12
70, 73, 38, 15
70, 73, 23, 12
70, 73, 31, 12
70, 73, 21, 12
70, 73, 20, 12
70, 73, 16, 12
70, 73, 50, 18
70, 73, 30, 12
70, 73, 55, 21
70, 73, 18, 12
70, 73, 7, 9
70, 73, 0, 3
70, 73, 9, 9
70, 73, 6, 6
70, 73, 17, 12
70, 73, 24, 12
70, 73, 33, 15
70, 73, 19, 12
70, 73, 8, 9
70, 73, 1, 3
70, 73, 2, 3
71, 71, 70, 166
71, 71, 3, 2
71, 71, 11, 4
71, 71, 34, 5
71, 71, 26, 4
71, 71, 41, 5
71, 71, 42, 5
71, 71, 36, 5
71, 71, 13, 4
71, 71, 4, 2
71, 71, 12, 4
71, 71, 51, 6
71, 71, 57, 7
71, 71, 27, 4
71, 71, 59, 7
71, 71, 63, 7
71, 71, 62, 7
71, 71, 54, 6
71, 71, 14, 4
71, 71, 35, 5
71, 71, 52, 6
71, 71, 43, 5
71, 71, 44, 5
71, 71, 67, 7
71, 71, 69, 8
71, 71, 64, 7
71, 71, 37, 5
71, 71, 40, 5
71, 71, 53, 6
71, 71, 28, 4
71, 71, 29, 4
71, 71, 66, 7
71, 71, 68, 8
71, 71, 65, 7
71, 71, 45, 5
71, 71, 39, 5
71, 71, 58, 7
71, 71, 47, 5
71, 71, 48, 5
71, 71, 49, 5
71, 71, 60, 7
71, 71, 61, 7
71, 71, 56, 6
71, 71, 46, 5
71, 71, 25, 4
71, 71, 32, 4
71, 71, 10, 3
71, 71, 5, 2
71, 71, 15, 4
71, 71, 22, 4
71, 71, 38, 5
71, 71, 23, 4
71, 71, 31, 4
71, 71, 21, 4
71, 71, 20, 4
71, 71, 16, 4
71, 71, 50, 6
71, 71, 30, 4
71, 71, 55, 7
71, 71, 18, 4
71, 71, 7, 3
71, 71, 0, 1
71, 71, 9, 3
71, 71, 6, 2
71, 71, 17, 4
71, 71, 24, 4
71, 71, 33, 5
71, 71, 19, 4
71, 71, 8, 3
71, 71, 1, 1
71, 71, 2, 1
72, 71, 70, 166
72, 71, 3, 2
72, 71, 11, 4
72, 71, 34, 5
72, 71, 26, 4
72, 71, 41, 5
72, 71, 42, 5
72, 71, 36, 5
72, 71, 13, 4
72, 71, 4, 2
72, 71, 12, 4
72, 71, 51, 6
72, 71, 57, 7
72, 71, 27, 4
72, 71, 59, 7
72, 71, 63, 7
72, 71, 62, 7
72, 71, 54, 6
72, 71, 14, 4
72, 71, 35, 5
72, 71, 52, 6
72, 71, 43, 5
72, 71, 44, 5
72, 71, 67, 7
72, 71, 69, 8
72, 71, 64, 7
72, 71, 37, 5
72, 71, 40, 5
72, 71, 53, 6
72, 71, 28, 4
72, 71, 29, 4
72, 71, 66, 7
72, 71, 68, 8
72, 71, 65, 7
72, 71, 45, 5
72, 71, 39, 5
72, 71, 58, 7
72, 71, 47, 5
72, 71, 48, 5
72, 71, 49, 5
72, 71, 60, 7
72, 71, 61, 7
72, 71, 56, 6
72, 71, 46, 5
72, 71, 25, 4
72, 71, 32, 4
72, 71, 10, 3
72, 71, 5, 2
72, 71, 15, 4
72, 71, 22, 4
72, 71, 38, 5
72, 71, 23, 4
72, 71, 31, 4
72, 71, 21, 4
72, 71, 20, 4
72, 71, 16, 4
72, 71, 50, 6
72, 71, 30, 4
72, 71, 55, 7
72, 71, 18, 4
72, 71, 7, 3
72, 71, 0, 1
72, 71, 9, 3
72, 71, 6, 2
72, 71, 17, 4
72, 71, 24, 4
72, 71, 33, 5
72, 71, 19, 4
72, 71, 8, 3
72, 71, 1, 1
72, 71, 2, 1
73, 71, 70, 166
73, 71, 3, 2
73, 71, 11, 4
73, 71, 34, 5
73, 71, 26, 4
73, 71, 41, 5
73, 71, 42, 5
73, 71, 36, 5
73, 71, 13, 4
73, 71, 4, 2
73, 71, 12, 4
73, 71, 51, 6
73, 71, 57, 7
73, 71, 27, 4
73, 71, 59, 7
73, 71, 63, 7
73, 71, 62, 7
73, 71, 54, 6
73, 71, 14, 4
73, 71, 35, 5
73, 71, 52, 6
73, 71, 43, 5
73, 71, 44, 5
73, 71, 67, 7
73, 71, 69, 8
73, 71, 64, 7
73, 71, 37, 5
73, 71, 40, 5
73, 71, 53, 6
73, 71, 28, 4
73, 71, 29, 4
73, 71, 66, 7
73, 71, 68, 8
73, 71, 65, 7
73, 71, 45, 5
73, 71, 39, 5
73, 71, 58, 7
73, 71, 47, 5
73, 71, 48, 5
73, 71, 49, 5
73, 71, 60, 7
73, 71, 61, 7
73, 71, 56, 6
73, 71, 46, 5
73, 71, 25, 4
73, 71, 32, 4
73, 71, 10, 3
73, 71, 5, 2
73, 71, 15, 4
73, 71, 22, 4
73, 71, 38, 5
73, 71, 23, 4
73, 71, 31, 4
73, 71, 21, 4
73, 71, 20, 4
73, 71, 16, 4
73, 71, 50, 6
73, 71, 30, 4
73, 71, 55, 7
73, 71, 18, 4
73, 71, 7, 3
73, 71, 0, 1
73, 71, 9, 3
73, 71, 6, 2
73, 71, 17, 4
73, 71, 24, 4
73, 71, 33, 5
73, 71, 19, 4
73, 71, 8, 3
73, 71, 1, 1
73, 71, 2, 1
DTG
0, 3, 0, 1, 3
0, 3, 0, 1, 3
0, 3, 0, 1, 3
1, 3, 0, 1, 3
1, 3, 0, 1, 3
1, 3, 0, 1, 3
2, 3, 0, 1, 3
2, 3, 0, 1, 3
2, 3, 0, 1, 3
3, 6, 0, 1, 3
3, 6, 0, 1, 3
3, 6, 0, 1, 3
3, 6, 0, 1, 3
3, 6, 0, 1, 3
3, 6, 0, 1, 3
4, 6, 0, 1, 3
4, 6, 0, 1, 3
4, 6, 0, 1, 3
4, 6, 0, 1, 3
4, 6, 0, 1, 3
4, 6, 0, 1, 3
5, 6, 0, 1, 3
5, 6, 0, 1, 3
5, 6, 0, 1, 3
5, 6, 0, 1, 3
5, 6, 0, 1, 3
5, 6, 0, 1, 3
6, 6, 0, 1, 3
6, 6, 0, 1, 3
6, 6, 0, 1, 3
6, 6, 0, 1, 3
6, 6, 0, 1, 3
6, 6, 0, 1, 3
7, 3, 0, 1, 3
7, 3, 0, 1, 3
7, 3, 0, 1, 3
7, 6, 1, 0, 4
7, 6, 1, 0, 4
7, 6, 1, 0, 4
7, 6, 1, 0, 4
7, 6, 1, 0, 4
7, 6, 1, 0, 4
8, 3, 0, 1, 3
8, 3, 0, 1, 3
8, 3, 0, 1, 3
8, 6, 1, 0, 4
8, 6, 1, 0, 4
8, 6, 1, 0, 4
8, 6, 1, 0, 4
8, 6, 1, 0, 4
8, 6, 1, 0, 4
9, 3, 0, 1, 3
9, 3, 0, 1, 3
9, 3, 0, 1, 3
9, 6, 1, 0, 4
9, 6, 1, 0, 4
9, 6, 1, 0, 4
9, 6, 1, 0, 4
9, 6, 1, 0, 4
9, 6, 1, 0, 4
10, 3, 0, 1, 3
10, 3, 0, 1, 3
10, 3, 0, 1, 3
10, 6, 1, 0, 4
10, 6, 1, 0, 4
10, 6, 1, 0, 4
10, 6, 1, 0, 4
10, 6, 1, 0, 4
10, 6, 1, 0, 4
11, 6, 0, 1, 3
11, 6, 0, 1, 3
11, 6, 0, 1, 3
11, 6, 0, 1, 3
11, 6, 0, 1, 3
11, 6, 0, 1, 3
11, 6, 1, 0, 4
11, 6, 1, 0, 4
11, 6, 1, 0, 4
11, 6, 1, 0, 4
11, 6, 1, 0, 4
11, 6, 1, 0, 4
12, 6, 0, 1, 3
12, 6, 0, 1, 3
12, 6, 0, 1, 3
12, 6, 0, 1, 3
12, 6, 0, 1, 3
12, 6, 0, 1, 3
12, 6, 1, 0, 4
12, 6, 1, 0, 4
12, 6, 1, 0, 4
12, 6, 1, 0, 4
12, 6, 1, 0, 4
12, 6, 1, 0, 4
13, 6, 0, 1, 3
13, 6, 0, 1, 3
13, 6, 0, 1, 3
13, 6, 0, 1, 3
13, 6, 0, 1, 3
13, 6, 0, 1, 3
13, 6, 1, 0, 4
13, 6, 1, 0, 4
13, 6, 1, 0, 4
13, 6, 1, 0, 4
13, 6, 1, 0, 4
13, 6, 1, 0, 4
14, 6, 0, 1, 3
14, 6, 0, 1, 3
14, 6, 0, 1, 3
14, 6, 0, 1, 3
14, 6, 0, 1, 3
14, 6, 0, 1, 3
14, 6, 1, 0, 4
14, 6, 1, 0, 4
14, 6, 1, 0, 4
14, 6, 1, 0, 4
14, 6, 1, 0, 4
14, 6, 1, 0, 4
15, 6, 0, 1, 3
15, 6, 0, 1, 3
15, 6, 0, 1, 3
15, 6, 0, 1, 3
15, 6, 0, 1, 3
15, 6, 0, 1, 3
15, 6, 1, 0, 4
15, 6, 1, 0, 4
15, 6, 1, 0, 4
15, 6, 1, 0, 4
15, 6, 1, 0, 4
15, 6, 1, 0, 4
16, 6, 0, 1, 3
16, 6, 0, 1, 3
16, 6, 0, 1, 3
16, 6, 0, 1, 3
16, 6, 0, 1, 3
16, 6, 0, 1, 3
16, 6, 1, 0, 4
16, 6, 1, 0, 4
16, 6, 1, 0, 4
16, 6, 1, 0, 4
16, 6, 1, 0, 4
16, 6, 1, 0, 4
17, 6, 0, 1, 3
17, 6, 0, 1, 3
17, 6, 0, 1, 3
17, 6, 0, 1, 3
17, 6, 0, 1, 3
17, 6, 0, 1, 3
17, 6, 1, 0, 4
17, 6, 1, 0, 4
17, 6, 1, 0, 4
17, 6, 1, 0, 4
17, 6, 1, 0, 4
17, 6, 1, 0, 4
18, 6, 0, 1, 3
18, 6, 0, 1, 3
18, 6, 0, 1, 3
18, 6, 0, 1, 3
18, 6, 0, 1, 3
18, 6, 0, 1, 3
18, 6, 1, 0, 4
18, 6, 1, 0, 4
18, 6, 1, 0, 4
18, 6, 1, 0, 4
18, 6, 1, 0, 4
18, 6, 1, 0, 4
19, 6, 0, 1, 3
19, 6, 0, 1, 3
19, 6, 0, 1, 3
19, 6, 0, 1, 3
19, 6, 0, 1, 3
19, 6, 0, 1, 3
19, 6, 1, 0, 4
19, 6, 1, 0, 4
19, 6, 1, 0, 4
19, 6, 1, 0, 4
19, 6, 1, 0, 4
19, 6, 1, 0, 4
20, 6, 0, 1, 3
20, 6, 0, 1, 3
20, 6, 0, 1, 3
20, 6, 0, 1, 3
20, 6, 0, 1, 3
20, 6, 0, 1, 3
20, 6, 1, 0, 4
20, 6, 1, 0, 4
20, 6, 1, 0, 4
20, 6, 1, 0, 4
20, 6, 1, 0, 4
20, 6, 1, 0, 4
21, 6, 0, 1, 3
21, 6, 0, 1, 3
21, 6, 0, 1, 3
21, 6, 0, 1, 3
21, 6, 0, 1, 3
21, 6, 0, 1, 3
21, 6, 1, 0, 4
21, 6, 1, 0, 4
21, 6, 1, 0, 4
21, 6, 1, 0, 4
21, 6, 1, 0, 4
21, 6, 1, 0, 4
22, 6, 0, 1, 3
22, 6, 0, 1, 3
22, 6, 0, 1, 3
22, 6, 0, 1, 3
22, 6, 0, 1, 3
22, 6, 0, 1, 3
22, 6, 1, 0, 4
22, 6, 1, 0, 4
22, 6, 1, 0, 4
22, 6, 1, 0, 4
22, 6, 1, 0, 4
22, 6, 1, 0, 4
23, 6, 0, 1, 3
23, 6, 0, 1, 3
23, 6, 0, 1, 3
23, 6, 0, 1, 3
23, 6, 0, 1, 3
23, 6, 0, 1, 3
23, 6, 1, 0, 4
23, 6, 1, 0, 4
23, 6, 1, 0, 4
23, 6, 1, 0, 4
23, 6, 1, 0, 4
23, 6, 1, 0, 4
24, 6, 0, 1, 3
24, 6, 0, 1, 3
24, 6, 0, 1, 3
24, 6, 0, 1, 3
24, 6, 0, 1, 3
24, 6, 0, 1, 3
24, 6, 1, 0, 4
24, 6, 1, 0, 4
24, 6, 1, 0, 4
24, 6, 1, 0, 4
24, 6, 1, 0, 4
24, 6, 1, 0, 4
25, 6, 0, 1, 3
25, 6, 0, 1, 3
25, 6, 0, 1, 3
25, 6, 0, 1, 3
25, 6, 0, 1, 3
25, 6, 0, 1, 3
25, 6, 1, 0, 4
25, 6, 1, 0, 4
25, 6, 1, 0, 4
25, 6, 1, 0, 4
25, 6, 1, 0, 4
25, 6, 1, 0, 4
26, 6, 0, 1, 3
26, 6, 0, 1, 3
26, 6, 0, 1, 3
26, 6, 0, 1, 3
26, 6, 0, 1, 3
26, 6, 0, 1, 3
26, 6, 1, 0, 4
26, 6, 1, 0, 4
26, 6, 1, 0, 4
26, 6, 1, 0, 4
26, 6, 1, 0, 4
26, 6, 1, 0, 4
27, 6, 0, 1, 3
27, 6, 0, 1, 3
27, 6, 0, 1, 3
27, 6, 0, 1, 3
27, 6, 0, 1, 3
27, 6, 0, 1, 3
27, 6, 1, 0, 4
27, 6, 1, 0, 4
27, 6, 1, 0, 4
27, 6, 1, 0, 4
27, 6, 1, 0, 4
27, 6, 1, 0, 4
28, 6, 0, 1, 3
28, 6, 0, 1, 3
28, 6, 0, 1, 3
28, 6, 0, 1, 3
28, 6, 0, 1, 3
28, 6, 0, 1, 3
28, 6, 1, 0, 4
28, 6, 1, 0, 4
28, 6, 1, 0, 4
28, 6, 1, 0, 4
28, 6, 1, 0, 4
28, 6, 1, 0, 4
29, 6, 0, 1, 3
29, 6, 0, 1, 3
29, 6, 0, 1, 3
29, 6, 0, 1, 3
29, 6, 0, 1, 3
29, 6, 0, 1, 3
29, 6, 1, 0, 4
29, 6, 1, 0, 4
29, 6, 1, 0, 4
29, 6, 1, 0, 4
29, 6, 1, 0, 4
29, 6, 1, 0, 4
30, 6, 0, 1, 3
30, 6, 0, 1, 3
30, 6, 0, 1, 3
30, 6, 0, 1, 3
30, 6, 0, 1, 3
30, 6, 0, 1, 3
30, 6, 1, 0, 4
30, 6, 1, 0, 4
30, 6, 1, 0, 4
30, 6, 1, 0, 4
30, 6, 1, 0, 4
30, 6, 1, 0, 4
31, 6, 0, 1, 3
31, 6, 0, 1, 3
31, 6, 0, 1, 3
31, 6, 0, 1, 3
31, 6, 0, 1, 3
31, 6, 0, 1, 3
31, 6, 1, 0, 4
31, 6, 1, 0, 4
31, 6, 1, 0, 4
31, 6, 1, 0, 4
31, 6, 1, 0, 4
31, 6, 1, 0, 4
32, 6, 0, 1, 3
32, 6, 0, 1, 3
32, 6, 0, 1, 3
32, 6, 0, 1, 3
32, 6, 0, 1, 3
32, 6, 0, 1, 3
32, 6, 1, 0, 4
32, 6, 1, 0, 4
32, 6, 1, 0, 4
32, 6, 1, 0, 4
32, 6, 1, 0, 4
32, 6, 1, 0, 4
33, 9, 0, 1, 3
33, 9, 0, 1, 3
33, 9, 0, 1, 3
33, 9, 0, 1, 3
33, 9, 0, 1, 3
33, 9, 0, 1, 3
33, 9, 0, 1, 3
33, 9, 0, 1, 3
33, 9, 0, 1, 3
33, 6, 1, 0, 4
33, 6, 1, 0, 4
33, 6, 1, 0, 4
33, 6, 1, 0, 4
33, 6, 1, 0, 4
33, 6, 1, 0, 4
34, 9, 0, 1, 3
34, 9, 0, 1, 3
34, 9, 0, 1, 3
34, 9, 0, 1, 3
34, 9, 0, 1, 3
34, 9, 0, 1, 3
34, 9, 0, 1, 3
34, 9, 0, 1, 3
34, 9, 0, 1, 3
34, 6, 1, 0, 4
34, 6, 1, 0, 4
34, 6, 1, 0, 4
34, 6, 1, 0, 4
34, 6, 1, 0, 4
34, 6, 1, 0, 4
35, 9, 0, 1, 3
35, 9, 0, 1, 3
35, 9, 0, 1, 3
35, 9, 0, 1, 3
35, 9, 0, 1, 3
35, 9, 0, 1, 3
35, 9, 0, 1, 3
35, 9, 0, 1, 3
35, 9, 0, 1, 3
35, 6, 1, 0, 4
35, 6, 1, 0, 4
35, 6, 1, 0, 4
35, 6, 1, 0, 4
35, 6, 1, 0, 4
35, 6, 1, 0, 4
36, 9, 0, 1, 3
36, 9, 0, 1, 3
36, 9, 0, 1, 3
36, 9, 0, 1, 3
36, 9, 0, 1, 3
36, 9, 0, 1, 3
36, 9, 0, 1, 3
36, 9, 0, 1, 3
36, 9, 0, 1, 3
36, 6, 1, 0, 4
36, 6, 1, 0, 4
36, 6, 1, 0, 4
36, 6, 1, 0, 4
36, 6, 1, 0, 4
36, 6, 1, 0, 4
37, 9, 0, 1, 3
37, 9, 0, 1, 3
37, 9, 0, 1, 3
37, 9, 0, 1, 3
37, 9, 0, 1, 3
37, 9, 0, 1, 3
37, 9, 0, 1, 3
37, 9, 0, 1, 3
37, 9, 0, 1, 3
37, 6, 1, 0, 4
37, 6, 1, 0, 4
37, 6, 1, 0, 4
37, 6, 1, 0, 4
37, 6, 1, 0, 4
37, 6, 1, 0, 4
38, 9, 0, 1, 3
38, 9, 0, 1, 3
38, 9, 0, 1, 3
38, 9, 0, 1, 3
38, 9, 0, 1, 3
38, 9, 0, 1, 3
38, 9, 0, 1, 3
38, 9, 0, 1, 3
38, 9, 0, 1, 3
38, 6, 1, 0, 4
38, 6, 1, 0, 4
38, 6, 1, 0, 4
38, 6, 1, 0, 4
38, 6, 1, 0, 4
38, 6, 1, 0, 4
39, 9, 0, 1, 3
39, 9, 0, 1, 3
39, 9, 0, 1, 3
39, 9, 0, 1, 3
39, 9, 0, 1, 3
39, 9, 0, 1, 3
39, 9, 0, 1, 3
39, 9, 0, 1, 3
39, 9, 0, 1, 3
39, 6, 1, 0, 4
39, 6, 1, 0, 4
39, 6, 1, 0, 4
39, 6, 1, 0, 4
39, 6, 1, 0, 4
39, 6, 1, 0, 4
40, 9, 0, 1, 3
40, 9, 0, 1, 3
40, 9, 0, 1, 3
40, 9, 0, 1, 3
40, 9, 0, 1, 3
40, 9, 0, 1, 3
40, 9, 0, 1, 3
40, 9, 0, 1, 3
40, 9, 0, 1, 3
40, 6, 1, 0, 4
40, 6, 1, 0, 4
40, 6, 1, 0, 4
40, 6, 1, 0, 4
40, 6, 1, 0, 4
40, 6, 1, 0, 4
41, 9, 0, 1, 3
41, 9, 0, 1, 3
41, 9, 0, 1, 3
41, 9, 0, 1, 3
41, 9, 0, 1, 3
41, 9, 0, 1, 3
41, 9, 0, 1, 3
41, 9, 0, 1, 3
41, 9, 0, 1, 3
41, 6, 1, 0, 4
41, 6, 1, 0, 4
41, 6, 1, 0, 4
41, 6, 1, 0, 4
41, 6, 1, 0, 4
41, 6, 1, 0, 4
42, 9, 0, 1, 3
42, 9, 0, 1, 3
42, 9, 0, 1, 3
42, 9, 0, 1, 3
42, 9, 0, 1, 3
42, 9, 0, 1, 3
42, 9, 0, 1, 3
42, 9, 0, 1, 3
42, 9, 0, 1, 3
42, 6, 1, 0, 4
42, 6, 1, 0, 4
42, 6, 1, 0, 4
42, 6, 1, 0, 4
42, 6, 1, 0, 4
42, 6, 1, 0, 4
43, 9, 0, 1, 3
43, 9, 0, 1, 3
43, 9, 0, 1, 3
43, 9, 0, 1, 3
43, 9, 0, 1, 3
43, 9, 0, 1, 3
43, 9, 0, 1, 3
43, 9, 0, 1, 3
43, 9, 0, 1, 3
43, 6, 1, 0, 4
43, 6, 1, 0, 4
43, 6, 1, 0, 4
43, 6, 1, 0, 4
43, 6, 1, 0, 4
43, 6, 1, 0, 4
44, 9, 0, 1, 3
44, 9, 0, 1, 3
44, 9, 0, 1, 3
44, 9, 0, 1, 3
44, 9, 0, 1, 3
44, 9, 0, 1, 3
44, 9, 0, 1, 3
44, 9, 0, 1, 3
44, 9, 0, 1, 3
44, 6, 1, 0, 4
44, 6, 1, 0, 4
44, 6, 1, 0, 4
44, 6, 1, 0, 4
44, 6, 1, 0, 4
44, 6, 1, 0, 4
45, 9, 0, 1, 3
45, 9, 0, 1, 3
45, 9, 0, 1, 3
45, 9, 0, 1, 3
45, 9, 0, 1, 3
45, 9, 0, 1, 3
45, 9, 0, 1, 3
45, 9, 0, 1, 3
45, 9, 0, 1, 3
45, 6, 1, 0, 4
45, 6, 1, 0, 4
45, 6, 1, 0, 4
45, 6, 1, 0, 4
45, 6, 1, 0, 4
45, 6, 1, 0, 4
46, 9, 0, 1, 3
46, 9, 0, 1, 3
46, 9, 0, 1, 3
46, 9, 0, 1, 3
46, 9, 0, 1, 3
46, 9, 0, 1, 3
46, 9, 0, 1, 3
46, 9, 0, 1, 3
46, 9, 0, 1, 3
46, 6, 1, 0, 4
46, 6, 1, 0, 4
46, 6, 1, 0, 4
46, 6, 1, 0, 4
46, 6, 1, 0, 4
46, 6, 1, 0, 4
47, 9, 0, 1, 3
47, 9, 0, 1, 3
47, 9, 0, 1, 3
47, 9, 0, 1, 3
47, 9, 0, 1, 3
47, 9, 0, 1, 3
47, 9, 0, 1, 3
47, 9, 0, 1, 3
47, 9, 0, 1, 3
47, 6, 1, 0, 4
47, 6, 1, 0, 4
47, 6, 1, 0, 4
47, 6, 1, 0, 4
47, 6, 1, 0, 4
47, 6, 1, 0, 4
48, 9, 0, 1, 3
48, 9, 0, 1, 3
48, 9, 0, 1, 3
48, 9, 0, 1, 3
48, 9, 0, 1, 3
48, 9, 0, 1, 3
48, 9, 0, 1, 3
48, 9, 0, 1, 3
48, 9, 0, 1, 3
48, 6, 1, 0, 4
48, 6, 1, 0, 4
48, 6, 1, 0, 4
48, 6, 1, 0, 4
48, 6, 1, 0, 4
48, 6, 1, 0, 4
49, 9, 0, 1, 3
49, 9, 0, 1, 3
49, 9, 0, 1, 3
49, 9, 0, 1, 3
49, 9, 0, 1, 3
49, 9, 0, 1, 3
49, 9, 0, 1, 3
49, 9, 0, 1, 3
49, 9, 0, 1, 3
49, 6, 1, 0, 4
49, 6, 1, 0, 4
49, 6, 1, 0, 4
49, 6, 1, 0, 4
49, 6, 1, 0, 4
49, 6, 1, 0, 4
50, 6, 0, 1, 3
50, 6, 0, 1, 3
50, 6, 0, 1, 3
50, 6, 0, 1, 3
50, 6, 0, 1, 3
50, 6, 0, 1, 3
50, 12, 1, 0, 4
50, 12, 1, 0, 4
50, 12, 1, 0, 4
50, 12, 1, 0, 4
50, 12, 1, 0, 4
50, 12, 1, 0, 4
50, 12, 1, 0, 4
50, 12, 1, 0, 4
50, 12, 1, 0, 4
50, 12, 1, 0, 4
50, 12, 1, 0, 4
50, 12, 1, 0, 4
51, 6, 0, 1, 3
51, 6, 0, 1, 3
51, 6, 0, 1, 3
51, 6, 0, 1, 3
51, 6, 0, 1, 3
51, 6, 0, 1, 3
51, 12, 1, 0, 4
51, 12, 1, 0, 4
51, 12, 1, 0, 4
51, 12, 1, 0, 4
51, 12, 1, 0, 4
51, 12, 1, 0, 4
51, 12, 1, 0, 4
51, 12, 1, 0, 4
51, 12, 1, 0, 4
51, 12, 1, 0, 4
51, 12, 1, 0, 4
51, 12, 1, 0, 4
52, 6, 0, 1, 3
52, 6, 0, 1, 3
52, 6, 0, 1, 3
52, 6, 0, 1, 3
52, 6, 0, 1, 3
52, 6, 0, 1, 3
52, 12, 1, 0, 4
52, 12, 1, 0, 4
52, 12, 1, 0, 4
52, 12, 1, 0, 4
52, 12, 1, 0, 4
52, 12, 1, 0, 4
52, 12, 1, 0, 4
52, 12, 1, 0, 4
52, 12, 1, 0, 4
52, 12, 1, 0, 4
52, 12, 1, 0, 4
52, 12, 1, 0, 4
53, 6, 0, 1, 3
53, 6, 0, 1, 3
53, 6, 0, 1, 3
53, 6, 0, 1, 3
53, 6, 0, 1, 3
53, 6, 0, 1, 3
53, 12, 1, 0, 4
53, 12, 1, 0, 4
53, 12, 1, 0, 4
53, 12, 1, 0, 4
53, 12, 1, 0, 4
53, 12, 1, 0, 4
53, 12, 1, 0, 4
53, 12, 1, 0, 4
53, 12, 1, 0, 4
53, 12, 1, 0, 4
53, 12, 1, 0, 4
53, 12, 1, 0, 4
54, 6, 0, 1, 3
54, 6, 0, 1, 3
54, 6, 0, 1, 3
54, 6, 0, 1, 3
54, 6, 0, 1, 3
54, 6, 0, 1, 3
54, 12, 1, 0, 4
54, 12, 1, 0, 4
54, 12, 1, 0, 4
54, 12, 1, 0, 4
54, 12, 1, 0, 4
54, 12, 1, 0, 4
54, 12, 1, 0, 4
54, 12, 1, 0, 4
54, 12, 1, 0, 4
54, 12, 1, 0, 4
54, 12, 1, 0, 4
54, 12, 1, 0, 4
55, 9, 0, 1, 3
55, 9, 0, 1, 3
55, 9, 0, 1, 3
55, 9, 0, 1, 3
55, 9, 0, 1, 3
55, 9, 0, 1, 3
55, 9, 0, 1, 3
55, 9, 0, 1, 3
55, 9, 0, 1, 3
55, 12, 1, 0, 4
55, 12, 1, 0, 4
55, 12, 1, 0, 4
55, 12, 1, 0, 4
55, 12, 1, 0, 4
55, 12, 1, 0, 4
55, 12, 1, 0, 4
55, 12, 1, 0, 4
55, 12, 1, 0, 4
55, 12, 1, 0, 4
55, 12, 1, 0, 4
55, 12, 1, 0, 4
56, 6, 0, 1, 3
56, 6, 0, 1, 3
56, 6, 0, 1, 3
56, 6, 0, 1, 3
56, 6, 0, 1, 3
56, 6, 0, 1, 3
56, 12, 1, 0, 4
56, 12, 1, 0, 4
56, 12, 1, 0, 4
56, 12, 1, 0, 4
56, 12, 1, 0, 4
56, 12, 1, 0, 4
56, 12, 1, 0, 4
56, 12, 1, 0, 4
56, 12, 1, 0, 4
56, 12, 1, 0, 4
56, 12, 1, 0, 4
56, 12, 1, 0, 4
57, 9, 0, 1, 3
57, 9, 0, 1, 3
57, 9, 0, 1, 3
57, 9, 0, 1, 3
57, 9, 0, 1, 3
57, 9, 0, 1, 3
57, 9, 0, 1, 3
57, 9, 0, 1, 3
57, 9, 0, 1, 3
57, 12, 1, 0, 4
57, 12, 1, 0, 4
57, 12, 1, 0, 4
57, 12, 1, 0, 4
57, 12, 1, 0, 4
57, 12, 1, 0, 4
57, 12, 1, 0, 4
57, 12, 1, 0, 4
57, 12, 1, 0, 4
57, 12, 1, 0, 4
57, 12, 1, 0, 4
57, 12, 1, 0, 4
58, 9, 0, 1, 3
58, 9, 0, 1, 3
58, 9, 0, 1, 3
58, 9, 0, 1, 3
58, 9, 0, 1, 3
58, 9, 0, 1, 3
58, 9, 0, 1, 3
58, 9, 0, 1, 3
58, 9, 0, 1, 3
58, 12, 1, 0, 4
58, 12, 1, 0, 4
58, 12, 1, 0, 4
58, 12, 1, 0, 4
58, 12, 1, 0, 4
58, 12, 1, 0, 4
58, 12, 1, 0, 4
58, 12, 1, 0, 4
58, 12, 1, 0, 4
58, 12, 1, 0, 4
58, 12, 1, 0, 4
58, 12, 1, 0, 4
59, 9, 0, 1, 3
59, 9, 0, 1, 3
59, 9, 0, 1, 3
59, 9, 0, 1, 3
59, 9, 0, 1, 3
59, 9, 0, 1, 3
59, 9, 0, 1, 3
59, 9, 0, 1, 3
59, 9, 0, 1, 3
59, 12, 1, 0, 4
59, 12, 1, 0, 4
59, 12, 1, 0, 4
59, 12, 1, 0, 4
59, 12, 1, 0, 4
59, 12, 1, 0, 4
59, 12, 1, 0, 4
59, 12, 1, 0, 4
59, 12, 1, 0, 4
59, 12, 1, 0, 4
59, 12, 1, 0, 4
59, 12, 1, 0, 4
60, 9, 0, 1, 3
60, 9, 0, 1, 3
60, 9, 0, 1, 3
60, 9, 0, 1, 3
60, 9, 0, 1, 3
60, 9, 0, 1, 3
60, 9, 0, 1, 3
60, 9, 0, 1, 3
60, 9, 0, 1, 3
60, 12, 1, 0, 4
60, 12, 1, 0, 4
60, 12, 1, 0, 4
60, 12, 1, 0, 4
60, 12, 1, 0, 4
60, 12, 1, 0, 4
60, 12, 1, 0, 4
60, 12, 1, 0, 4
60, 12, 1, 0, 4
60, 12, 1, 0, 4
60, 12, 1, 0, 4
60, 12, 1, 0, 4
61, 9, 0, 1, 3
61, 9, 0, 1, 3
61, 9, 0, 1, 3
61, 9, 0, 1, 3
61, 9, 0, 1, 3
61, 9, 0, 1, 3
61, 9, 0, 1, 3
61, 9, 0, 1, 3
61, 9, 0, 1, 3
61, 12, 1, 0, 4
61, 12, 1, 0, 4
61, 12, 1, 0, 4
61, 12, 1, 0, 4
61, 12, 1, 0, 4
61, 12, 1, 0, 4
61, 12, 1, 0, 4
61, 12, 1, 0, 4
61, 12, 1, 0, 4
61, 12, 1, 0, 4
61, 12, 1, 0, 4
61, 12, 1, 0, 4
62, 9, 0, 1, 3
62, 9, 0, 1, 3
62, 9, 0, 1, 3
62, 9, 0, 1, 3
62, 9, 0, 1, 3
62, 9, 0, 1, 3
62, 9, 0, 1, 3
62, 9, 0, 1, 3
62, 9, 0, 1, 3
62, 12, 1, 0, 4
62, 12, 1, 0, 4
62, 12, 1, 0, 4
62, 12, 1, 0, 4
62, 12, 1, 0, 4
62, 12, 1, 0, 4
62, 12, 1, 0, 4
62, 12, 1, 0, 4
62, 12, 1, 0, 4
62, 12, 1, 0, 4
62, 12, 1, 0, 4
62, 12, 1, 0, 4
63, 9, 0, 1, 3
63, 9, 0, 1, 3
63, 9, 0, 1, 3
63, 9, 0, 1, 3
63, 9, 0, 1, 3
63, 9, 0, 1, 3
63, 9, 0, 1, 3
63, 9, 0, 1, 3
63, 9, 0, 1, 3
63, 12, 1, 0, 4
63, 12, 1, 0, 4
63, 12, 1, 0, 4
63, 12, 1, 0, 4
63, 12, 1, 0, 4
63, 12, 1, 0, 4
63, 12, 1, 0, 4
63, 12, 1, 0, 4
63, 12, 1, 0, 4
63, 12, 1, 0, 4
63, 12, 1, 0, 4
63, 12, 1, 0, 4
64, 9, 0, 1, 3
64, 9, 0, 1, 3
64, 9, 0, 1, 3
64, 9, 0, 1, 3
64, 9, 0, 1, 3
64, 9, 0, 1, 3
64, 9, 0, 1, 3
64, 9, 0, 1, 3
64, 9, 0, 1, 3
64, 12, 1, 0, 4
64, 12, 1, 0, 4
64, 12, 1, 0, 4
64, 12, 1, 0, 4
64, 12, 1, 0, 4
64, 12, 1, 0, 4
64, 12, 1, 0, 4
64, 12, 1, 0, 4
64, 12, 1, 0, 4
64, 12, 1, 0, 4
64, 12, 1, 0, 4
64, 12, 1, 0, 4
65, 9, 0, 1, 3
65, 9, 0, 1, 3
65, 9, 0, 1, 3
65, 9, 0, 1, 3
65, 9, 0, 1, 3
65, 9, 0, 1, 3
65, 9, 0, 1, 3
65, 9, 0, 1, 3
65, 9, 0, 1, 3
65, 12, 1, 0, 4
65, 12, 1, 0, 4
65, 12, 1, 0, 4
65, 12, 1, 0, 4
65, 12, 1, 0, 4
65, 12, 1, 0, 4
65, 12, 1, 0, 4
65, 12, 1, 0, 4
65, 12, 1, 0, 4
65, 12, 1, 0, 4
65, 12, 1, 0, 4
65, 12, 1, 0, 4
66, 9, 0, 1, 3
66, 9, 0, 1, 3
66, 9, 0, 1, 3
66, 9, 0, 1, 3
66, 9, 0, 1, 3
66, 9, 0, 1, 3
66, 9, 0, 1, 3
66, 9, 0, 1, 3
66, 9, 0, 1, 3
66, 12, 1, 0, 4
66, 12, 1, 0, 4
66, 12, 1, 0, 4
66, 12, 1, 0, 4
66, 12, 1, 0, 4
66, 12, 1, 0, 4
66, 12, 1, 0, 4
66, 12, 1, 0, 4
66, 12, 1, 0, 4
66, 12, 1, 0, 4
66, 12, 1, 0, 4
66, 12, 1, 0, 4
67, 9, 0, 1, 3
67, 9, 0, 1, 3
67, 9, 0, 1, 3
67, 9, 0, 1, 3
67, 9, 0, 1, 3
67, 9, 0, 1, 3
67, 9, 0, 1, 3
67, 9, 0, 1, 3
67, 9, 0, 1, 3
67, 12, 1, 0, 4
67, 12, 1, 0, 4
67, 12, 1, 0, 4
67, 12, 1, 0, 4
67, 12, 1, 0, 4
67, 12, 1, 0, 4
67, 12, 1, 0, 4
67, 12, 1, 0, 4
67, 12, 1, 0, 4
67, 12, 1, 0, 4
67, 12, 1, 0, 4
67, 12, 1, 0, 4
68, 12, 0, 1, 3
68, 12, 0, 1, 3
68, 12, 0, 1, 3
68, 12, 0, 1, 3
68, 12, 0, 1, 3
68, 12, 0, 1, 3
68, 12, 0, 1, 3
68, 12, 0, 1, 3
68, 12, 0, 1, 3
68, 12, 0, 1, 3
68, 12, 0, 1, 3
68, 12, 0, 1, 3
68, 12, 1, 0, 4
68, 12, 1, 0, 4
68, 12, 1, 0, 4
68, 12, 1, 0, 4
68, 12, 1, 0, 4
68, 12, 1, 0, 4
68, 12, 1, 0, 4
68, 12, 1, 0, 4
68, 12, 1, 0, 4
68, 12, 1, 0, 4
68, 12, 1, 0, 4
68, 12, 1, 0, 4
69, 12, 0, 1, 3
69, 12, 0, 1, 3
69, 12, 0, 1, 3
69, 12, 0, 1, 3
69, 12, 0, 1, 3
69, 12, 0, 1, 3
69, 12, 0, 1, 3
69, 12, 0, 1, 3
69, 12, 0, 1, 3
69, 12, 0, 1, 3
69, 12, 0, 1, 3
69, 12, 0, 1, 3
69, 12, 1, 0, 4
69, 12, 1, 0, 4
69, 12, 1, 0, 4
69, 12, 1, 0, 4
69, 12, 1, 0, 4
69, 12, 1, 0, 4
69, 12, 1, 0, 4
69, 12, 1, 0, 4
69, 12, 1, 0, 4
69, 12, 1, 0, 4
69, 12, 1, 0, 4
69, 12, 1, 0, 4
70, 8, 0, 1, 2
70, 8, 0, 1, 3
70, 8, 0, 1, 3
70, 8, 0, 1, 3
70, 8, 0, 9, 2
70, 8, 0, 9, 3
70, 8, 0, 9, 3
70, 8, 0, 9, 3
70, 9, 1, 0, 2
70, 9, 1, 2, 2
70, 9, 1, 2, 3
70, 9, 1, 2, 3
70, 9, 1, 2, 3
70, 9, 1, 10, 2
70, 9, 1, 10, 3
70, 9, 1, 10, 3
70, 9, 1, 10, 3
70, 12, 2, 1, 2
70, 12, 2, 1, 3
70, 12, 2, 1, 3
70, 12, 2, 1, 3
70, 12, 2, 3, 2
70, 12, 2, 3, 3
70, 12, 2, 3, 3
70, 12, 2, 3, 3
70, 12, 2, 11, 2
70, 12, 2, 11, 3
70, 12, 2, 11, 3
70, 12, 2, 11, 3
70, 9, 3, 2, 2
70, 9, 3, 2, 3
70, 9, 3, 2, 3
70, 9, 3, 2, 3
70, 9, 3, 4, 2
70, 9, 3, 4, 3
70, 9, 3, 4, 3
70, 9, 3, 4, 3
70, 9, 3, 12, 2
70, 12, 4, 3, 2
70, 12, 4, 3, 3
70, 12, 4, 3, 3
70, 12, 4, 3, 3
70, 12, 4, 5, 2
70, 12, 4, 5, 3
70, 12, 4, 5, 3
70, 12, 4, 5, 3
70, 12, 4, 13, 2
70, 12, 4, 13, 3
70, 12, 4, 13, 3
70, 12, 4, 13, 3
70, 12, 5, 4, 2
70, 12, 5, 4, 3
70, 12, 5, 4, 3
70, 12, 5, 4, 3
70, 12, 5, 6, 2
70, 12, 5, 6, 3
70, 12, 5, 6, 3
70, 12, 5, 6, 3
70, 12, 5, 14, 2
70, 12, 5, 14, 3
70, 12, 5, 14, 3
70, 12, 5, 14, 3
70, 12, 6, 5, 2
70, 12, 6, 5, 3
70, 12, 6, 5, 3
70, 12, 6, 5, 3
70, 12, 6, 7, 2
70, 12, 6, 7, 3
70, 12, 6, 7, 3
70, 12, 6, 7, 3
70, 12, 6, 15, 2
70, 12, 6, 15, 3
70, 12, 6, 15, 3
70, 12, 6, 15, 3
70, 9, 7, 6, 2
70, 9, 7, 6, 3
70, 9, 7, 6, 3
70, 9, 7, 6, 3
70, 9, 7, 8, 2
70, 9, 7, 16, 2
70, 9, 7, 16, 3
70, 9, 7, 16, 3
70, 9, 7, 16, 3
70, 8, 8, 7, 2
70, 8, 8, 7, 3
70, 8, 8, 7, 3
70, 8, 8, 7, 3
70, 8, 8, 17, 2
70, 8, 8, 17, 3
70, 8, 8, 17, 3
70, 8, 8, 17, 3
70, 9, 9, 0, 2
70, 9, 9, 10, 2
70, 9, 9, 10, 3
70, 9, 9, 10, 3
70, 9, 9, 10, 3
70, 9, 9, 18, 2
70, 9, 9, 18, 3
70, 9, 9, 18, 3
70, 9, 9, 18, 3
70, 10, 10, 1, 2
70, 10, 10, 9, 2
70, 10, 10, 11, 2
70, 10, 10, 11, 3
70, 10, 10, 11, 3
70, 10, 10, 11, 3
70, 10, 10, 19, 2
70, 10, 10, 19, 3
70, 10, 10, 19, 3
70, 10, 10, 19, 3
70, 13, 11, 2, 2
70, 13, 11, 10, 2
70, 13, 11, 10, 3
70, 13, 11, 10, 3
70, 13, 11, 10, 3
70, 13, 11, 12, 2
70, 13, 11, 12, 3
70, 13, 11, 12, 3
70, 13, 11, 12, 3
70, 13, 11, 20, 2
70, 13, 11, 20, 3
70, 13, 11, 20, 3
70, 13, 11, 20, 3
70, 9, 12, 3, 2
70, 9, 12, 11, 2
70, 9, 12, 11, 3
70, 9, 12, 11, 3
70, 9, 12, 11, 3
70, 9, 12, 13, 2
70, 9, 12, 13, 3
70, 9, 12, 13, 3
70, 9, 12, 13, 3
70, 13, 13, 4, 2
70, 13, 13, 12, 2
70, 13, 13, 12, 3
70, 13, 13, 12, 3
70, 13, 13, 12, 3
70, 13, 13, 14, 2
70, 13, 13, 14, 3
70, 13, 13, 14, 3
70, 13, 13, 14, 3
70, 13, 13, 21, 2
70, 13, 13, 21, 3
70, 13, 13, 21, 3
70, 13, 13, 21, 3
70, 13, 14, 5, 2
70, 13, 14, 13, 2
70, 13, 14, 13, 3
70, 13, 14, 13, 3
70, 13, 14, 13, 3
70, 13, 14, 15, 2
70, 13, 14, 15, 3
70, 13, 14, 15, 3
70, 13, 14, 15, 3
70, 13, 14, 22, 2
70, 13, 14, 22, 3
70, 13, 14, 22, 3
70, 13, 14, 22, 3
70, 13, 15, 6, 2
70, 13, 15, 14, 2
70, 13, 15, 14, 3
70, 13, 15, 14, 3
70, 13, 15, 14, 3
70, 13, 15, 16, 2
70, 13, 15, 16, 3
70, 13, 15, 16, 3
70, 13, 15, 16, 3
70, 13, 15, 23, 2
70, 13, 15, 23, 3
70, 13, 15, 23, 3
70, 13, 15, 23, 3
70, 10, 16, 7, 2
70, 10, 16, 15, 2
70, 10, 16, 15, 3
70, 10, 16, 15, 3
70, 10, 16, 15, 3
70, 10, 16, 17, 2
70, 10, 16, 24, 2
70, 10, 16, 24, 3
70, 10, 16, 24, 3
70, 10, 16, 24, 3
70, 9, 17, 8, 2
70, 9, 17, 16, 2
70, 9, 17, 16, 3
70, 9, 17, 16, 3
70, 9, 17, 16, 3
70, 9, 17, 25, 2
70, 9, 17, 25, 3
70, 9, 17, 25, 3
70, 9, 17, 25, 3
70, 12, 18, 9, 2
70, 12, 18, 9, 3
70, 12, 18, 9, 3
70, 12, 18, 9, 3
70, 12, 18, 19, 2
70, 12, 18, 19, 3
70, 12, 18, 19, 3
70, 12, 18, 19, 3
70, 12, 18, 26, 2
70, 12, 18, 26, 3
70, 12, 18, 26, 3
70, 12, 18, 26, 3
70, 10, 19, 10, 2
70, 10, 19, 10, 3
70, 10, 19, 10, 3
70, 10, 19, 10, 3
70, 10, 19, 18, 2
70, 10, 19, 20, 2
70, 10, 19, 27, 2
70, 10, 19, 27, 3
70, 10, 19, 27, 3
70, 10, 19, 27, 3
70, 12, 20, 11, 2
70, 12, 20, 11, 3
70, 12, 20, 11, 3
70, 12, 20, 11, 3
70, 12, 20, 19, 2
70, 12, 20, 19, 3
70, 12, 20, 19, 3
70, 12, 20, 19, 3
70, 12, 20, 28, 2
70, 12, 20, 28, 3
70, 12, 20, 28, 3
70, 12, 20, 28, 3
70, 12, 21, 13, 2
70, 12, 21, 13, 3
70, 12, 21, 13, 3
70, 12, 21, 13, 3
70, 12, 21, 22, 2
70, 12, 21, 22, 3
70, 12, 21, 22, 3
70, 12, 21, 22, 3
70, 12, 21, 29, 2
70, 12, 21, 29, 3
70, 12, 21, 29, 3
70, 12, 21, 29, 3
70, 13, 22, 14, 2
70, 13, 22, 14, 3
70, 13, 22, 14, 3
70, 13, 22, 14, 3
70, 13, 22, 21, 2
70, 13, 22, 23, 2
70, 13, 22, 23, 3
70, 13, 22, 23, 3
70, 13, 22, 23, 3
70, 13, 22, 30, 2
70, 13, 22, 30, 3
70, 13, 22, 30, 3
70, 13, 22, 30, 3
70, 16, 23, 15, 2
70, 16, 23, 15, 3
70, 16, 23, 15, 3
70, 16, 23, 15, 3
70, 16, 23, 22, 2
70, 16, 23, 22, 3
70, 16, 23, 22, 3
70, 16, 23, 22, 3
70, 16, 23, 24, 2
70, 16, 23, 24, 3
70, 16, 23, 24, 3
70, 16, 23, 24, 3
70, 16, 23, 31, 2
70, 16, 23, 31, 3
70, 16, 23, 31, 3
70, 16, 23, 31, 3
70, 13, 24, 16, 2
70, 13, 24, 16, 3
70, 13, 24, 16, 3
70, 13, 24, 16, 3
70, 13, 24, 23, 2
70, 13, 24, 23, 3
70, 13, 24, 23, 3
70, 13, 24, 23, 3
70, 13, 24, 25, 2
70, 13, 24, 32, 2
70, 13, 24, 32, 3
70, 13, 24, 32, 3
70, 13, 24, 32, 3
70, 12, 25, 17, 2
70, 12, 25, 17, 3
70, 12, 25, 17, 3
70, 12, 25, 17, 3
70, 12, 25, 24, 2
70, 12, 25, 24, 3
70, 12, 25, 24, 3
70, 12, 25, 24, 3
70, 12, 25, 33, 2
70, 12, 25, 33, 3
70, 12, 25, 33, 3
70, 12, 25, 33, 3
70, 12, 26, 18, 2
70, 12, 26, 18, 3
70, 12, 26, 18, 3
70, 12, 26, 18, 3
70, 12, 26, 27, 2
70, 12, 26, 27, 3
70, 12, 26, 27, 3
70, 12, 26, 27, 3
70, 12, 26, 34, 2
70, 12, 26, 34, 3
70, 12, 26, 34, 3
70, 12, 26, 34, 3
70, 10, 27, 19, 2
70, 10, 27, 19, 3
70, 10, 27, 19, 3
70, 10, 27, 19, 3
70, 10, 27, 26, 2
70, 10, 27, 28, 2
70, 10, 27, 35, 2
70, 10, 27, 35, 3
70, 10, 27, 35, 3
70, 10, 27, 35, 3
70, 9, 28, 20, 2
70, 9, 28, 20, 3
70, 9, 28, 20, 3
70, 9, 28, 20, 3
70, 9, 28, 27, 2
70, 9, 28, 27, 3
70, 9, 28, 27, 3
70, 9, 28, 27, 3
70, 9, 28, 36, 2
70, 9, 29, 21, 2
70, 9, 29, 21, 3
70, 9, 29, 21, 3
70, 9, 29, 21, 3
70, 9, 29, 30, 2
70, 9, 29, 30, 3
70, 9, 29, 30, 3
70, 9, 29, 30, 3
70, 9, 29, 38, 2
70, 13, 30, 22, 2
70, 13, 30, 22, 3
70, 13, 30, 22, 3
70, 13, 30, 22, 3
70, 13, 30, 29, 2
70, 13, 30, 31, 2
70, 13, 30, 31, 3
70, 13, 30, 31, 3
70, 13, 30, 31, 3
70, 13, 30, 39, 2
70, 13, 30, 39, 3
70, 13, 30, 39, 3
70, 13, 30, 39, 3
70, 16, 31, 23, 2
70, 16, 31, 23, 3
70, 16, 31, 23, 3
70, 16, 31, 23, 3
70, 16, 31, 30, 2
70, 16, 31, 30, 3
70, 16, 31, 30, 3
70, 16, 31, 30, 3
70, 16, 31, 32, 2
70, 16, 31, 32, 3
70, 16, 31, 32, 3
70, 16, 31, 32, 3
70, 16, 31, 40, 2
70, 16, 31, 40, 3
70, 16, 31, 40, 3
70, 16, 31, 40, 3
70, 13, 32, 24, 2
70, 13, 32, 24, 3
70, 13, 32, 24, 3
70, 13, 32, 24, 3
70, 13, 32, 31, 2
70, 13, 32, 31, 3
70, 13, 32, 31, 3
70, 13, 32, 31, 3
70, 13, 32, 33, 2
70, 13, 32, 41, 2
70, 13, 32, 41, 3
70, 13, 32, 41, 3
70, 13, 32, 41, 3
70, 12, 33, 25, 2
70, 12, 33, 25, 3
70, 12, 33, 25, 3
70, 12, 33, 25, 3
70, 12, 33, 32, 2
70, 12, 33, 32, 3
70, 12, 33, 32, 3
70, 12, 33, 32, 3
70, 12, 33, 42, 2
70, 12, 33, 42, 3
70, 12, 33, 42, 3
70, 12, 33, 42, 3
70, 12, 34, 26, 2
70, 12, 34, 26, 3
70, 12, 34, 26, 3
70, 12, 34, 26, 3
70, 12, 34, 35, 2
70, 12, 34, 35, 3
70, 12, 34, 35, 3
70, 12, 34, 35, 3
70, 12, 34, 43, 2
70, 12, 34, 43, 3
70, 12, 34, 43, 3
70, 12, 34, 43, 3
70, 13, 35, 27, 2
70, 13, 35, 27, 3
70, 13, 35, 27, 3
70, 13, 35, 27, 3
70, 13, 35, 34, 2
70, 13, 35, 36, 2
70, 13, 35, 36, 3
70, 13, 35, 36, 3
70, 13, 35, 36, 3
70, 13, 35, 44, 2
70, 13, 35, 44, 3
70, 13, 35, 44, 3
70, 13, 35, 44, 3
70, 12, 36, 28, 2
70, 12, 36, 28, 3
70, 12, 36, 28, 3
70, 12, 36, 28, 3
70, 12, 36, 35, 2
70, 12, 36, 35, 3
70, 12, 36, 35, 3
70, 12, 36, 35, 3
70, 12, 36, 37, 2
70, 12, 36, 37, 3
70, 12, 36, 37, 3
70, 12, 36, 37, 3
70, 12, 37, 36, 2
70, 12, 37, 36, 3
70, 12, 37, 36, 3
70, 12, 37, 36, 3
70, 12, 37, 38, 2
70, 12, 37, 38, 3
70, 12, 37, 38, 3
70, 12, 37, 38, 3
70, 12, 37, 45, 2
70, 12, 37, 45, 3
70, 12, 37, 45, 3
70, 12, 37, 45, 3
70, 12, 38, 29, 2
70, 12, 38, 29, 3
70, 12, 38, 29, 3
70, 12, 38, 29, 3
70, 12, 38, 37, 2
70, 12, 38, 37, 3
70, 12, 38, 37, 3
70, 12, 38, 37, 3
70, 12, 38, 39, 2
70, 12, 38, 39, 3
70, 12, 38, 39, 3
70, 12, 38, 39, 3
70, 13, 39, 30, 2
70, 13, 39, 30, 3
70, 13, 39, 30, 3
70, 13, 39, 30, 3
70, 13, 39, 38, 2
70, 13, 39, 38, 3
70, 13, 39, 38, 3
70, 13, 39, 38, 3
70, 13, 39, 40, 2
70, 13, 39, 40, 3
70, 13, 39, 40, 3
70, 13, 39, 40, 3
70, 13, 39, 46, 2
70, 13, 40, 31, 2
70, 13, 40, 31, 3
70, 13, 40, 31, 3
70, 13, 40, 31, 3
70, 13, 40, 39, 2
70, 13, 40, 39, 3
70, 13, 40, 39, 3
70, 13, 40, 39, 3
70, 13, 40, 41, 2
70, 13, 40, 41, 3
70, 13, 40, 41, 3
70, 13, 40, 41, 3
70, 13, 40, 47, 2
70, 10, 41, 32, 2
70, 10, 41, 32, 3
70, 10, 41, 32, 3
70, 10, 41, 32, 3
70, 10, 41, 40, 2
70, 10, 41, 40, 3
70, 10, 41, 40, 3
70, 10, 41, 40, 3
70, 10, 41, 42, 2
70, 10, 41, 48, 2
70, 12, 42, 33, 2
70, 12, 42, 33, 3
70, 12, 42, 33, 3
70, 12, 42, 33, 3
70, 12, 42, 41, 2
70, 12, 42, 41, 3
70, 12, 42, 41, 3
70, 12, 42, 41, 3
70, 12, 42, 49, 2
70, 12, 42, 49, 3
70, 12, 42, 49, 3
70, 12, 42, 49, 3
70, 9, 43, 34, 2
70, 9, 43, 34, 3
70, 9, 43, 34, 3
70, 9, 43, 34, 3
70, 9, 43, 44, 2
70, 9, 43, 50, 2
70, 9, 43, 50, 3
70, 9, 43, 50, 3
70, 9, 43, 50, 3
70, 9, 44, 35, 2
70, 9, 44, 35, 3
70, 9, 44, 35, 3
70, 9, 44, 35, 3
70, 9, 44, 43, 2
70, 9, 44, 51, 2
70, 9, 44, 51, 3
70, 9, 44, 51, 3
70, 9, 44, 51, 3
70, 5, 45, 37, 2
70, 5, 45, 52, 2
70, 5, 45, 52, 3
70, 5, 45, 52, 3
70, 5, 45, 52, 3
70, 8, 46, 39, 2
70, 8, 46, 39, 3
70, 8, 46, 39, 3
70, 8, 46, 39, 3
70, 8, 46, 47, 2
70, 8, 46, 47, 3
70, 8, 46, 47, 3
70, 8, 46, 47, 3
70, 9, 47, 40, 2
70, 9, 47, 40, 3
70, 9, 47, 40, 3
70, 9, 47, 40, 3
70, 9, 47, 46, 2
70, 9, 47, 48, 2
70, 9, 47, 48, 3
70, 9, 47, 48, 3
70, 9, 47, 48, 3
70, 9, 48, 41, 2
70, 9, 48, 41, 3
70, 9, 48, 41, 3
70, 9, 48, 41, 3
70, 9, 48, 47, 2
70, 9, 48, 47, 3
70, 9, 48, 47, 3
70, 9, 48, 47, 3
70, 9, 48, 49, 2
70, 12, 49, 42, 2
70, 12, 49, 42, 3
70, 12, 49, 42, 3
70, 12, 49, 42, 3
70, 12, 49, 48, 2
70, 12, 49, 48, 3
70, 12, 49, 48, 3
70, 12, 49, 48, 3
70, 12, 49, 53, 2
70, 12, 49, 53, 3
70, 12, 49, 53, 3
70, 12, 49, 53, 3
70, 9, 50, 43, 2
70, 9, 50, 43, 3
70, 9, 50, 43, 3
70, 9, 50, 43, 3
70, 9, 50, 51, 2
70, 9, 50, 54, 2
70, 9, 50, 54, 3
70, 9, 50, 54, 3
70, 9, 50, 54, 3
70, 9, 51, 44, 2
70, 9, 51, 44, 3
70, 9, 51, 44, 3
70, 9, 51, 44, 3
70, 9, 51, 50, 2
70, 9, 51, 55, 2
70, 9, 51, 55, 3
70, 9, 51, 55, 3
70, 9, 51, 55, 3
70, 8, 52, 45, 2
70, 8, 52, 45, 3
70, 8, 52, 45, 3
70, 8, 52, 45, 3
70, 8, 52, 57, 2
70, 8, 52, 57, 3
70, 8, 52, 57, 3
70, 8, 52, 57, 3
70, 8, 53, 49, 2
70, 8, 53, 49, 3
70, 8, 53, 49, 3
70, 8, 53, 49, 3
70, 8, 53, 61, 2
70, 8, 53, 61, 3
70, 8, 53, 61, 3
70, 8, 53, 61, 3
70, 9, 54, 50, 2
70, 9, 54, 50, 3
70, 9, 54, 50, 3
70, 9, 54, 50, 3
70, 9, 54, 55, 2
70, 9, 54, 55, 3
70, 9, 54, 55, 3
70, 9, 54, 55, 3
70, 9, 54, 62, 2
70, 10, 55, 51, 2
70, 10, 55, 51, 3
70, 10, 55, 51, 3
70, 10, 55, 51, 3
70, 10, 55, 54, 2
70, 10, 55, 56, 2
70, 10, 55, 56, 3
70, 10, 55, 56, 3
70, 10, 55, 56, 3
70, 10, 55, 63, 2
70, 9, 56, 55, 2
70, 9, 56, 55, 3
70, 9, 56, 55, 3
70, 9, 56, 55, 3
70, 9, 56, 57, 2
70, 9, 56, 57, 3
70, 9, 56, 57, 3
70, 9, 56, 57, 3
70, 9, 56, 64, 2
70, 13, 57, 52, 2
70, 13, 57, 52, 3
70, 13, 57, 52, 3
70, 13, 57, 52, 3
70, 13, 57, 56, 2
70, 13, 57, 56, 3
70, 13, 57, 56, 3
70, 13, 57, 56, 3
70, 13, 57, 58, 2
70, 13, 57, 58, 3
70, 13, 57, 58, 3
70, 13, 57, 58, 3
70, 13, 57, 65, 2
70, 9, 58, 57, 2
70, 9, 58, 57, 3
70, 9, 58, 57, 3
70, 9, 58, 57, 3
70, 9, 58, 59, 2
70, 9, 58, 59, 3
70, 9, 58, 59, 3
70, 9, 58, 59, 3
70, 9, 58, 66, 2
70, 6, 59, 58, 2
70, 6, 59, 58, 3
70, 6, 59, 58, 3
70, 6, 59, 58, 3
70, 6, 59, 60, 2
70, 6, 59, 67, 2
70, 5, 60, 59, 2
70, 5, 60, 59, 3
70, 5, 60, 59, 3
70, 5, 60, 59, 3
70, 5, 60, 68, 2
70, 5, 61, 53, 2
70, 5, 61, 53, 3
70, 5, 61, 53, 3
70, 5, 61, 53, 3
70, 5, 61, 69, 2
70, 8, 62, 54, 2
70, 8, 62, 54, 3
70, 8, 62, 54, 3
70, 8, 62, 54, 3
70, 8, 62, 63, 2
70, 8, 62, 63, 3
70, 8, 62, 63, 3
70, 8, 62, 63, 3
70, 9, 63, 55, 2
70, 9, 63, 55, 3
70, 9, 63, 55, 3
70, 9, 63, 55, 3
70, 9, 63, 62, 2
70, 9, 63, 64, 2
70, 9, 63, 64, 3
70, 9, 63, 64, 3
70, 9, 63, 64, 3
70, 9, 64, 56, 2
70, 9, 64, 63, 2
70, 9, 64, 63, 3
70, 9, 64, 63, 3
70, 9, 64, 63, 3
70, 9, 64, 65, 2
70, 9, 64, 65, 3
70, 9, 64, 65, 3
70, 9, 64, 65, 3
70, 12, 65, 57, 2
70, 12, 65, 57, 3
70, 12, 65, 57, 3
70, 12, 65, 57, 3
70, 12, 65, 64, 2
70, 12, 65, 64, 3
70, 12, 65, 64, 3
70, 12, 65, 64, 3
70, 12, 65, 66, 2
70, 12, 65, 66, 3
70, 12, 65, 66, 3
70, 12, 65, 66, 3
70, 9, 66, 58, 2
70, 9, 66, 65, 2
70, 9, 66, 65, 3
70, 9, 66, 65, 3
70, 9, 66, 65, 3
70, 9, 66, 67, 2
70, 9, 66, 67, 3
70, 9, 66, 67, 3
70, 9, 66, 67, 3
70, 6, 67, 59, 2
70, 6, 67, 66, 2
70, 6, 67, 66, 3
70, 6, 67, 66, 3
70, 6, 67, 66, 3
70, 6, 67, 68, 2
70, 5, 68, 60, 2
70, 5, 68, 67, 2
70, 5, 68, 67, 3
70, 5, 68, 67, 3
70, 5, 68, 67, 3
70, 4, 69, 61, 2
70, 4, 69, 61, 3
70, 4, 69, 61, 3
70, 4, 69, 61, 3
71, 2, 1, 0, 3
71, 2, 1, 2, 3
71, 2, 2, 1, 3
71, 2, 2, 3, 3
71, 2, 3, 2, 3
71, 2, 3, 4, 3
71, 2, 4, 3, 3
71, 2, 4, 5, 3
71, 2, 5, 4, 3
71, 2, 5, 6, 3
71, 2, 6, 5, 3
71, 2, 6, 7, 3
71, 2, 7, 6, 3
71, 2, 7, 8, 3
71, 2, 9, 0, 3
71, 2, 9, 18, 3
71, 4, 10, 1, 3
71, 4, 10, 9, 3
71, 4, 10, 11, 3
71, 4, 10, 19, 3
71, 4, 11, 2, 3
71, 4, 11, 10, 3
71, 4, 11, 12, 3
71, 4, 11, 20, 3
71, 2, 12, 11, 3
71, 2, 12, 13, 3
71, 4, 13, 4, 3
71, 4, 13, 12, 3
71, 4, 13, 14, 3
71, 4, 13, 21, 3
71, 4, 14, 5, 3
71, 4, 14, 13, 3
71, 4, 14, 15, 3
71, 4, 14, 22, 3
71, 4, 15, 6, 3
71, 4, 15, 14, 3
71, 4, 15, 16, 3
71, 4, 15, 23, 3
71, 4, 16, 7, 3
71, 4, 16, 15, 3
71, 4, 16, 17, 3
71, 4, 16, 24, 3
71, 2, 17, 8, 3
71, 2, 17, 25, 3
71, 2, 18, 9, 3
71, 2, 18, 26, 3
71, 4, 19, 10, 3
71, 4, 19, 18, 3
71, 4, 19, 20, 3
71, 4, 19, 27, 3
71, 2, 20, 11, 3
71, 2, 20, 28, 3
71, 2, 21, 13, 3
71, 2, 21, 29, 3
71, 4, 22, 14, 3
71, 4, 22, 21, 3
71, 4, 22, 23, 3
71, 4, 22, 30, 3
71, 4, 23, 15, 3
71, 4, 23, 22, 3
71, 4, 23, 24, 3
71, 4, 23, 31, 3
71, 4, 24, 16, 3
71, 4, 24, 23, 3
71, 4, 24, 25, 3
71, 4, 24, 32, 3
71, 2, 25, 17, 3
71, 2, 25, 33, 3
71, 2, 26, 18, 3
71, 2, 26, 34, 3
71, 4, 27, 19, 3
71, 4, 27, 26, 3
71, 4, 27, 28, 3
71, 4, 27, 35, 3
71, 2, 28, 20, 3
71, 2, 28, 36, 3
71, 2, 29, 21, 3
71, 2, 29, 38, 3
71, 4, 30, 22, 3
71, 4, 30, 29, 3
71, 4, 30, 31, 3
71, 4, 30, 39, 3
71, 4, 31, 23, 3
71, 4, 31, 30, 3
71, 4, 31, 32, 3
71, 4, 31, 40, 3
71, 4, 32, 24, 3
71, 4, 32, 31, 3
71, 4, 32, 33, 3
71, 4, 32, 41, 3
71, 2, 33, 25, 3
71, 2, 33, 42, 3
71, 2, 34, 26, 3
71, 2, 34, 43, 3
71, 4, 35, 27, 3
71, 4, 35, 34, 3
71, 4, 35, 36, 3
71, 4, 35, 44, 3
71, 2, 36, 35, 3
71, 2, 36, 37, 3
71, 2, 37, 36, 3
71, 2, 37, 38, 3
71, 2, 38, 37, 3
71, 2, 38, 39, 3
71, 4, 39, 30, 3
71, 4, 39, 38, 3
71, 4, 39, 40, 3
71, 4, 39, 46, 3
71, 4, 40, 31, 3
71, 4, 40, 39, 3
71, 4, 40, 41, 3
71, 4, 40, 47, 3
71, 4, 41, 32, 3
71, 4, 41, 40, 3
71, 4, 41, 42, 3
71, 4, 41, 48, 3
71, 2, 42, 33, 3
71, 2, 42, 49, 3
71, 2, 43, 34, 3
71, 2, 43, 50, 3
71, 2, 44, 35, 3
71, 2, 44, 51, 3
71, 2, 45, 37, 3
71, 2, 45, 52, 3
71, 2, 47, 46, 3
71, 2, 47, 48, 3
71, 2, 48, 47, 3
71, 2, 48, 49, 3
71, 2, 49, 42, 3
71, 2, 49, 53, 3
71, 2, 50, 43, 3
71, 2, 50, 54, 3
71, 2, 51, 44, 3
71, 2, 51, 55, 3
71, 2, 52, 45, 3
71, 2, 52, 57, 3
71, 2, 53, 49, 3
71, 2, 53, 61, 3
71, 2, 54, 50, 3
71, 2, 54, 62, 3
71, 4, 55, 51, 3
71, 4, 55, 54, 3
71, 4, 55, 56, 3
71, 4, 55, 63, 3
71, 2, 56, 55, 3
71, 2, 56, 57, 3
71, 4, 57, 52, 3
71, 4, 57, 56, 3
71, 4, 57, 58, 3
71, 4, 57, 65, 3
71, 2, 58, 57, 3
71, 2, 58, 59, 3
71, 2, 59, 58, 3
71, 2, 59, 60, 3
71, 2, 61, 53, 3
71, 2, 61, 69, 3
71, 2, 63, 62, 3
71, 2, 63, 64, 3
71, 2, 64, 63, 3
71, 2, 64, 65, 3
71, 2, 65, 64, 3
71, 2, 65, 66, 3
71, 2, 66, 65, 3
71, 2, 66, 67, 3
71, 2, 67, 66, 3
71, 2, 67, 68, 3
72, 2, 1, 0, 3
72, 2, 1, 2, 3
72, 2, 2, 1, 3
72, 2, 2, 3, 3
72, 2, 3, 2, 3
72, 2, 3, 4, 3
72, 2, 4, 3, 3
72, 2, 4, 5, 3
72, 2, 5, 4, 3
72, 2, 5, 6, 3
72, 2, 6, 5, 3
72, 2, 6, 7, 3
72, 2, 7, 6, 3
72, 2, 7, 8, 3
72, 2, 9, 0, 3
72, 2, 9, 18, 3
72, 4, 10, 1, 3
72, 4, 10, 9, 3
72, 4, 10, 11, 3
72, 4, 10, 19, 3
72, 4, 11, 2, 3
72, 4, 11, 10, 3
72, 4, 11, 12, 3
72, 4, 11, 20, 3
72, 2, 12, 11, 3
72, 2, 12, 13, 3
72, 4, 13, 4, 3
72, 4, 13, 12, 3
72, 4, 13, 14, 3
72, 4, 13, 21, 3
72, 4, 14, 5, 3
72, 4, 14, 13, 3
72, 4, 14, 15, 3
72, 4, 14, 22, 3
72, 4, 15, 6, 3
72, 4, 15, 14, 3
72, 4, 15, 16, 3
72, 4, 15, 23, 3
72, 4, 16, 7, 3
72, 4, 16, 15, 3
72, 4, 16, 17, 3
72, 4, 16, 24, 3
72, 2, 17, 8, 3
72, 2, 17, 25, 3
72, 2, 18, 9, 3
72, 2, 18, 26, 3
72, 4, 19, 10, 3
72, 4, 19, 18, 3
72, 4, 19, 20, 3
72, 4, 19, 27, 3
72, 2, 20, 11, 3
72, 2, 20, 28, 3
72, 2, 21, 13, 3
72, 2, 21, 29, 3
72, 4, 22, 14, 3
72, 4, 22, 21, 3
72, 4, 22, 23, 3
72, 4, 22, 30, 3
72, 4, 23, 15, 3
72, 4, 23, 22, 3
72, 4, 23, 24, 3
72, 4, 23, 31, 3
72, 4, 24, 16, 3
72, 4, 24, 23, 3
72, 4, 24, 25, 3
72, 4, 24, 32, 3
72, 2, 25, 17, 3
72, 2, 25, 33, 3
72, 2, 26, 18, 3
72, 2, 26, 34, 3
72, 4, 27, 19, 3
72, 4, 27, 26, 3
72, 4, 27, 28, 3
72, 4, 27, 35, 3
72, 2, 28, 20, 3
72, 2, 28, 36, 3
72, 2, 29, 21, 3
72, 2, 29, 38, 3
72, 4, 30, 22, 3
72, 4, 30, 29, 3
72, 4, 30, 31, 3
72, 4, 30, 39, 3
72, 4, 31, 23, 3
72, 4, 31, 30, 3
72, 4, 31, 32, 3
72, 4, 31, 40, 3
72, 4, 32, 24, 3
72, 4, 32, 31, 3
72, 4, 32, 33, 3
72, 4, 32, 41, 3
72, 2, 33, 25, 3
72, 2, 33, 42, 3
72, 2, 34, 26, 3
72, 2, 34, 43, 3
72, 4, 35, 27, 3
72, 4, 35, 34, 3
72, 4, 35, 36, 3
72, 4, 35, 44, 3
72, 2, 36, 35, 3
72, 2, 36, 37, 3
72, 2, 37, 36, 3
72, 2, 37, 38, 3
72, 2, 38, 37, 3
72, 2, 38, 39, 3
72, 4, 39, 30, 3
72, 4, 39, 38, 3
72, 4, 39, 40, 3
72, 4, 39, 46, 3
72, 4, 40, 31, 3
72, 4, 40, 39, 3
72, 4, 40, 41, 3
72, 4, 40, 47, 3
72, 4, 41, 32, 3
72, 4, 41, 40, 3
72, 4, 41, 42, 3
72, 4, 41, 48, 3
72, 2, 42, 33, 3
72, 2, 42, 49, 3
72, 2, 43, 34, 3
72, 2, 43, 50, 3
72, 2, 44, 35, 3
72, 2, 44, 51, 3
72, 2, 45, 37, 3
72, 2, 45, 52, 3
72, 2, 47, 46, 3
72, 2, 47, 48, 3
72, 2, 48, 47, 3
72, 2, 48, 49, 3
72, 2, 49, 42, 3
72, 2, 49, 53, 3
72, 2, 50, 43, 3
72, 2, 50, 54, 3
72, 2, 51, 44, 3
72, 2, 51, 55, 3
72, 2, 52, 45, 3
72, 2, 52, 57, 3
72, 2, 53, 49, 3
72, 2, 53, 61, 3
72, 2, 54, 50, 3
72, 2, 54, 62, 3
72, 4, 55, 51, 3
72, 4, 55, 54, 3
72, 4, 55, 56, 3
72, 4, 55, 63, 3
72, 2, 56, 55, 3
72, 2, 56, 57, 3
72, 4, 57, 52, 3
72, 4, 57, 56, 3
72, 4, 57, 58, 3
72, 4, 57, 65, 3
72, 2, 58, 57, 3
72, 2, 58, 59, 3
72, 2, 59, 58, 3
72, 2, 59, 60, 3
72, 2, 61, 53, 3
72, 2, 61, 69, 3
72, 2, 63, 62, 3
72, 2, 63, 64, 3
72, 2, 64, 63, 3
72, 2, 64, 65, 3
72, 2, 65, 64, 3
72, 2, 65, 66, 3
72, 2, 66, 65, 3
72, 2, 66, 67, 3
72, 2, 67, 66, 3
72, 2, 67, 68, 3
73, 2, 1, 0, 3
73, 2, 1, 2, 3
73, 2, 2, 1, 3
73, 2, 2, 3, 3
73, 2, 3, 2, 3
73, 2, 3, 4, 3
73, 2, 4, 3, 3
73, 2, 4, 5, 3
73, 2, 5, 4, 3
73, 2, 5, 6, 3
73, 2, 6, 5, 3
73, 2, 6, 7, 3
73, 2, 7, 6, 3
73, 2, 7, 8, 3
73, 2, 9, 0, 3
73, 2, 9, 18, 3
73, 4, 10, 1, 3
73, 4, 10, 9, 3
73, 4, 10, 11, 3
73, 4, 10, 19, 3
73, 4, 11, 2, 3
73, 4, 11, 10, 3
73, 4, 11, 12, 3
73, 4, 11, 20, 3
73, 2, 12, 11, 3
73, 2, 12, 13, 3
73, 4, 13, 4, 3
73, 4, 13, 12, 3
73, 4, 13, 14, 3
73, 4, 13, 21, 3
73, 4, 14, 5, 3
73, 4, 14, 13, 3
73, 4, 14, 15, 3
73, 4, 14, 22, 3
73, 4, 15, 6, 3
73, 4, 15, 14, 3
73, 4, 15, 16, 3
73, 4, 15, 23, 3
73, 4, 16, 7, 3
73, 4, 16, 15, 3
73, 4, 16, 17, 3
73, 4, 16, 24, 3
73, 2, 17, 8, 3
73, 2, 17, 25, 3
73, 2, 18, 9, 3
73, 2, 18, 26, 3
73, 4, 19, 10, 3
73, 4, 19, 18, 3
73, 4, 19, 20, 3
73, 4, 19, 27, 3
73, 2, 20, 11, 3
73, 2, 20, 28, 3
73, 2, 21, 13, 3
73, 2, 21, 29, 3
73, 4, 22, 14, 3
73, 4, 22, 21, 3
73, 4, 22, 23, 3
73, 4, 22, 30, 3
73, 4, 23, 15, 3
73, 4, 23, 22, 3
73, 4, 23, 24, 3
73, 4, 23, 31, 3
73, 4, 24, 16, 3
73, 4, 24, 23, 3
73, 4, 24, 25, 3
73, 4, 24, 32, 3
73, 2, 25, 17, 3
73, 2, 25, 33, 3
73, 2, 26, 18, 3
73, 2, 26, 34, 3
73, 4, 27, 19, 3
73, 4, 27, 26, 3
73, 4, 27, 28, 3
73, 4, 27, 35, 3
73, 2, 28, 20, 3
73, 2, 28, 36, 3
73, 2, 29, 21, 3
73, 2, 29, 38, 3
73, 4, 30, 22, 3
73, 4, 30, 29, 3
73, 4, 30, 31, 3
73, 4, 30, 39, 3
73, 4, 31, 23, 3
73, 4, 31, 30, 3
73, 4, 31, 32, 3
73, 4, 31, 40, 3
73, 4, 32, 24, 3
73, 4, 32, 31, 3
73, 4, 32, 33, 3
73, 4, 32, 41, 3
73, 2, 33, 25, 3
73, 2, 33, 42, 3
73, 2, 34, 26, 3
73, 2, 34, 43, 3
73, 4, 35, 27, 3
73, 4, 35, 34, 3
73, 4, 35, 36, 3
73, 4, 35, 44, 3
73, 2, 36, 35, 3
73, 2, 36, 37, 3
73, 2, 37, 36, 3
73, 2, 37, 38, 3
73, 2, 38, 37, 3
73, 2, 38, 39, 3
73, 4, 39, 30, 3
73, 4, 39, 38, 3
73, 4, 39, 40, 3
73, 4, 39, 46, 3
73, 4, 40, 31, 3
73, 4, 40, 39, 3
73, 4, 40, 41, 3
73, 4, 40, 47, 3
73, 4, 41, 32, 3
73, 4, 41, 40, 3
73, 4, 41, 42, 3
73, 4, 41, 48, 3
73, 2, 42, 33, 3
73, 2, 42, 49, 3
73, 2, 43, 34, 3
73, 2, 43, 50, 3
73, 2, 44, 35, 3
73, 2, 44, 51, 3
73, 2, 45, 37, 3
73, 2, 45, 52, 3
73, 2, 47, 46, 3
73, 2, 47, 48, 3
73, 2, 48, 47, 3
73, 2, 48, 49, 3
73, 2, 49, 42, 3
73, 2, 49, 53, 3
73, 2, 50, 43, 3
73, 2, 50, 54, 3
73, 2, 51, 44, 3
73, 2, 51, 55, 3
73, 2, 52, 45, 3
73, 2, 52, 57, 3
73, 2, 53, 49, 3
73, 2, 53, 61, 3
73, 2, 54, 50, 3
73, 2, 54, 62, 3
73, 4, 55, 51, 3
73, 4, 55, 54, 3
73, 4, 55, 56, 3
73, 4, 55, 63, 3
73, 2, 56, 55, 3
73, 2, 56, 57, 3
73, 4, 57, 52, 3
73, 4, 57, 56, 3
73, 4, 57, 58, 3
73, 4, 57, 65, 3
73, 2, 58, 57, 3
73, 2, 58, 59, 3
73, 2, 59, 58, 3
73, 2, 59, 60, 3
73, 2, 61, 53, 3
73, 2, 61, 69, 3
73, 2, 63, 62, 3
73, 2, 63, 64, 3
73, 2, 64, 63, 3
73, 2, 64, 65, 3
73, 2, 65, 64, 3
73, 2, 65, 66, 3
73, 2, 66, 65, 3
73, 2, 66, 67, 3
73, 2, 67, 66, 3
73, 2, 67, 68, 3
Goal
71
72
73
