CG
52
0, 5, 45, 2
0, 5, 44, 1
0, 5, 47, 1
0, 5, 5, 1
0, 5, 6, 1
1, 5, 45, 4
1, 5, 2, 1
1, 5, 19, 1
1, 5, 5, 1
1, 5, 3, 1
2, 7, 45, 4
2, 7, 44, 1
2, 7, 47, 1
2, 7, 17, 1
2, 7, 4, 1
2, 7, 1, 1
2, 7, 3, 1
3, 7, 45, 4
3, 7, 44, 1
3, 7, 47, 1
3, 7, 2, 1
3, 7, 1, 1
3, 7, 34, 1
3, 7, 6, 1
4, 7, 45, 4
4, 7, 44, 2
4, 7, 47, 2
4, 7, 17, 1
4, 7, 2, 1
4, 7, 5, 1
4, 7, 6, 1
5, 8, 45, 5
5, 8, 44, 2
5, 8, 47, 2
5, 8, 4, 1
5, 8, 19, 1
5, 8, 1, 1
5, 8, 6, 1
5, 8, 0, 1
6, 8, 45, 5
6, 8, 44, 2
6, 8, 47, 2
6, 8, 4, 1
6, 8, 5, 1
6, 8, 34, 1
6, 8, 3, 1
6, 8, 0, 1
7, 16, 45, 8
7, 16, 36, 1
7, 16, 37, 1
7, 16, 38, 1
7, 16, 39, 1
7, 16, 44, 1
7, 16, 43, 1
7, 16, 51, 1
7, 16, 50, 1
7, 16, 49, 1
7, 16, 48, 1
7, 16, 47, 1
7, 16, 46, 1
7, 16, 11, 1
7, 16, 8, 6
7, 16, 9, 1
8, 16, 45, 8
8, 16, 36, 1
8, 16, 37, 1
8, 16, 38, 1
8, 16, 39, 1
8, 16, 44, 1
8, 16, 43, 1
8, 16, 51, 1
8, 16, 50, 1
8, 16, 49, 1
8, 16, 48, 1
8, 16, 47, 1
8, 16, 46, 1
8, 16, 7, 6
8, 16, 11, 1
8, 16, 23, 1
9, 16, 45, 8
9, 16, 36, 1
9, 16, 37, 1
9, 16, 38, 1
9, 16, 39, 1
9, 16, 44, 1
9, 16, 43, 1
9, 16, 51, 1
9, 16, 50, 1
9, 16, 49, 1
9, 16, 48, 1
9, 16, 47, 1
9, 16, 46, 1
9, 16, 7, 1
9, 16, 24, 1
9, 16, 23, 6
10, 16, 45, 8
10, 16, 36, 1
10, 16, 37, 1
10, 16, 38, 1
10, 16, 39, 1
10, 16, 44, 1
10, 16, 43, 1
10, 16, 51, 1
10, 16, 50, 1
10, 16, 49, 1
10, 16, 48, 1
10, 16, 47, 1
10, 16, 46, 1
10, 16, 24, 6
10, 16, 23, 1
10, 16, 41, 1
11, 17, 45, 9
11, 17, 36, 1
11, 17, 37, 1
11, 17, 38, 1
11, 17, 39, 1
11, 17, 44, 1
11, 17, 43, 1
11, 17, 51, 1
11, 17, 50, 1
11, 17, 49, 1
11, 17, 48, 1
11, 17, 47, 1
11, 17, 46, 1
11, 17, 7, 1
11, 17, 8, 1
11, 17, 24, 1
11, 17, 20, 6
12, 17, 45, 9
12, 17, 36, 1
12, 17, 37, 1
12, 17, 38, 1
12, 17, 39, 1
12, 17, 44, 1
12, 17, 43, 1
12, 17, 51, 1
12, 17, 50, 1
12, 17, 49, 1
12, 17, 48, 1
12, 17, 47, 1
12, 17, 46, 1
12, 17, 42, 1
12, 17, 26, 1
12, 17, 18, 1
12, 17, 13, 6
13, 17, 45, 9
13, 17, 36, 1
13, 17, 37, 1
13, 17, 38, 1
13, 17, 39, 1
13, 17, 44, 1
13, 17, 43, 1
13, 17, 51, 1
13, 17, 50, 1
13, 17, 49, 1
13, 17, 48, 1
13, 17, 47, 1
13, 17, 46, 1
13, 17, 12, 6
13, 17, 18, 1
13, 17, 28, 1
13, 17, 27, 1
14, 17, 45, 9
14, 17, 36, 1
14, 17, 37, 1
14, 17, 38, 1
14, 17, 39, 1
14, 17, 44, 1
14, 17, 43, 1
14, 17, 51, 1
14, 17, 50, 1
14, 17, 49, 1
14, 17, 48, 1
14, 17, 47, 1
14, 17, 46, 1
14, 17, 26, 1
14, 17, 40, 6
14, 17, 18, 1
14, 17, 27, 1
15, 17, 45, 9
15, 17, 36, 1
15, 17, 37, 1
15, 17, 38, 1
15, 17, 39, 1
15, 17, 44, 1
15, 17, 43, 1
15, 17, 51, 1
15, 17, 50, 1
15, 17, 49, 1
15, 17, 48, 1
15, 17, 47, 1
15, 17, 46, 1
15, 17, 30, 1
15, 17, 22, 1
15, 17, 33, 6
15, 17, 29, 1
16, 17, 45, 9
16, 17, 36, 1
16, 17, 37, 1
16, 17, 38, 1
16, 17, 39, 1
16, 17, 44, 1
16, 17, 43, 1
16, 17, 51, 1
16, 17, 50, 1
16, 17, 49, 1
16, 17, 48, 1
16, 17, 47, 1
16, 17, 46, 1
16, 17, 25, 6
16, 17, 22, 1
16, 17, 29, 1
16, 17, 31, 1
17, 17, 45, 9
17, 17, 36, 1
17, 17, 37, 1
17, 17, 38, 1
17, 17, 39, 1
17, 17, 44, 2
17, 17, 43, 1
17, 17, 51, 1
17, 17, 50, 1
17, 17, 49, 1
17, 17, 48, 1
17, 17, 47, 2
17, 17, 46, 1
17, 17, 2, 1
17, 17, 4, 1
17, 17, 19, 1
17, 17, 34, 6
18, 18, 45, 10
18, 18, 36, 1
18, 18, 37, 1
18, 18, 38, 1
18, 18, 39, 1
18, 18, 44, 1
18, 18, 43, 1
18, 18, 51, 1
18, 18, 50, 1
18, 18, 49, 1
18, 18, 48, 1
18, 18, 47, 1
18, 18, 46, 1
18, 18, 12, 1
18, 18, 21, 6
18, 18, 40, 1
18, 18, 14, 1
18, 18, 13, 1
19, 18, 45, 10
19, 18, 36, 1
19, 18, 37, 1
19, 18, 38, 1
19, 18, 39, 1
19, 18, 44, 2
19, 18, 43, 1
19, 18, 51, 1
19, 18, 50, 1
19, 18, 49, 1
19, 18, 48, 1
19, 18, 47, 2
19, 18, 46, 1
19, 18, 17, 1
19, 18, 1, 1
19, 18, 5, 1
19, 18, 34, 1
19, 18, 41, 6
20, 17, 45, 14
20, 17, 36, 2
20, 17, 37, 2
20, 17, 38, 2
20, 17, 39, 2
20, 17, 44, 2
20, 17, 43, 2
20, 17, 51, 2
20, 17, 50, 2
20, 17, 49, 2
20, 17, 48, 2
20, 17, 47, 2
20, 17, 46, 2
20, 17, 11, 6
20, 17, 24, 1
20, 17, 25, 1
20, 17, 22, 6
21, 17, 45, 14
21, 17, 36, 2
21, 17, 37, 2
21, 17, 38, 2
21, 17, 39, 2
21, 17, 44, 2
21, 17, 43, 2
21, 17, 51, 2
21, 17, 50, 2
21, 17, 49, 2
21, 17, 48, 2
21, 17, 47, 2
21, 17, 46, 2
21, 17, 22, 6
21, 17, 33, 1
21, 17, 40, 1
21, 17, 18, 6
22, 19, 45, 16
22, 19, 36, 2
22, 19, 37, 2
22, 19, 38, 2
22, 19, 39, 2
22, 19, 44, 2
22, 19, 43, 2
22, 19, 51, 2
22, 19, 50, 2
22, 19, 49, 2
22, 19, 48, 2
22, 19, 47, 2
22, 19, 46, 2
22, 19, 20, 6
22, 19, 25, 1
22, 19, 15, 1
22, 19, 33, 1
22, 19, 21, 6
22, 19, 16, 1
23, 18, 45, 15
23, 18, 36, 2
23, 18, 37, 2
23, 18, 38, 2
23, 18, 39, 2
23, 18, 44, 2
23, 18, 43, 2
23, 18, 51, 2
23, 18, 50, 2
23, 18, 49, 2
23, 18, 48, 2
23, 18, 47, 2
23, 18, 46, 2
23, 18, 8, 1
23, 18, 9, 6
23, 18, 24, 1
23, 18, 10, 1
23, 18, 41, 6
24, 19, 45, 16
24, 19, 36, 2
24, 19, 37, 2
24, 19, 38, 2
24, 19, 39, 2
24, 19, 44, 2
24, 19, 43, 2
24, 19, 51, 2
24, 19, 50, 2
24, 19, 49, 2
24, 19, 48, 2
24, 19, 47, 2
24, 19, 46, 2
24, 19, 11, 1
24, 19, 9, 1
24, 19, 23, 1
24, 19, 10, 6
24, 19, 20, 1
24, 19, 25, 6
25, 19, 45, 16
25, 19, 36, 2
25, 19, 37, 2
25, 19, 38, 2
25, 19, 39, 2
25, 19, 44, 2
25, 19, 43, 2
25, 19, 51, 2
25, 19, 50, 2
25, 19, 49, 2
25, 19, 48, 2
25, 19, 47, 2
25, 19, 46, 2
25, 19, 24, 6
25, 19, 20, 1
25, 19, 30, 1
25, 19, 32, 1
25, 19, 22, 1
25, 19, 16, 6
26, 17, 45, 14
26, 17, 36, 2
26, 17, 37, 2
26, 17, 38, 2
26, 17, 39, 2
26, 17, 44, 2
26, 17, 43, 2
26, 17, 51, 2
26, 17, 50, 2
26, 17, 49, 2
26, 17, 48, 2
26, 17, 47, 2
26, 17, 46, 2
26, 17, 42, 6
26, 17, 12, 1
26, 17, 14, 1
26, 17, 27, 6
27, 17, 45, 14
27, 17, 36, 2
27, 17, 37, 2
27, 17, 38, 2
27, 17, 39, 2
27, 17, 44, 2
27, 17, 43, 2
27, 17, 51, 2
27, 17, 50, 2
27, 17, 49, 2
27, 17, 48, 2
27, 17, 47, 2
27, 17, 46, 2
27, 17, 26, 6
27, 17, 14, 1
27, 17, 28, 6
27, 17, 13, 1
28, 17, 45, 14
28, 17, 36, 2
28, 17, 37, 2
28, 17, 38, 2
28, 17, 39, 2
28, 17, 44, 2
28, 17, 43, 2
28, 17, 51, 2
28, 17, 50, 2
28, 17, 49, 2
28, 17, 48, 2
28, 17, 47, 2
28, 17, 46, 2
28, 17, 42, 6
28, 17, 40, 1
28, 17, 13, 1
28, 17, 27, 6
29, 17, 45, 14
29, 17, 36, 2
29, 17, 37, 2
29, 17, 38, 2
29, 17, 39, 2
29, 17, 44, 2
29, 17, 43, 2
29, 17, 51, 2
29, 17, 50, 2
29, 17, 49, 2
29, 17, 48, 2
29, 17, 47, 2
29, 17, 46, 2
29, 17, 30, 6
29, 17, 15, 1
29, 17, 16, 1
29, 17, 31, 6
30, 17, 45, 14
30, 17, 36, 2
30, 17, 37, 2
30, 17, 38, 2
30, 17, 39, 2
30, 17, 44, 2
30, 17, 43, 2
30, 17, 51, 2
30, 17, 50, 2
30, 17, 49, 2
30, 17, 48, 2
30, 17, 47, 2
30, 17, 46, 2
30, 17, 25, 1
30, 17, 32, 6
30, 17, 15, 1
30, 17, 29, 6
31, 17, 45, 14
31, 17, 36, 2
31, 17, 37, 2
31, 17, 38, 2
31, 17, 39, 2
31, 17, 44, 2
31, 17, 43, 2
31, 17, 51, 2
31, 17, 50, 2
31, 17, 49, 2
31, 17, 48, 2
31, 17, 47, 2
31, 17, 46, 2
31, 17, 32, 6
31, 17, 33, 1
31, 17, 29, 6
31, 17, 16, 1
32, 17, 45, 14
32, 17, 36, 2
32, 17, 37, 2
32, 17, 38, 2
32, 17, 39, 2
32, 17, 44, 2
32, 17, 43, 2
32, 17, 51, 2
32, 17, 50, 2
32, 17, 49, 2
32, 17, 48, 2
32, 17, 47, 2
32, 17, 46, 2
32, 17, 30, 6
32, 17, 25, 1
32, 17, 33, 1
32, 17, 31, 6
33, 19, 45, 16
33, 19, 36, 2
33, 19, 37, 2
33, 19, 38, 2
33, 19, 39, 2
33, 19, 44, 2
33, 19, 43, 2
33, 19, 51, 2
33, 19, 50, 2
33, 19, 49, 2
33, 19, 48, 2
33, 19, 47, 2
33, 19, 46, 2
33, 19, 32, 1
33, 19, 15, 6
33, 19, 22, 1
33, 19, 21, 1
33, 19, 40, 6
33, 19, 31, 1
34, 19, 45, 16
34, 19, 36, 2
34, 19, 37, 2
34, 19, 38, 2
34, 19, 39, 2
34, 19, 44, 3
34, 19, 43, 2
34, 19, 51, 2
34, 19, 50, 2
34, 19, 49, 2
34, 19, 48, 2
34, 19, 47, 3
34, 19, 46, 2
34, 19, 17, 6
34, 19, 19, 1
34, 19, 3, 1
34, 19, 6, 1
34, 19, 41, 1
34, 19, 35, 6
35, 17, 45, 14
35, 17, 36, 2
35, 17, 37, 2
35, 17, 38, 2
35, 17, 39, 2
35, 17, 44, 2
35, 17, 43, 2
35, 17, 51, 2
35, 17, 50, 2
35, 17, 49, 2
35, 17, 48, 2
35, 17, 47, 2
35, 17, 46, 2
35, 17, 34, 6
35, 17, 41, 1
35, 17, 42, 1
35, 17, 40, 6
36, 34, 45, 54
36, 34, 51, 54
36, 34, 17, 2
36, 34, 19, 2
36, 34, 7, 2
36, 34, 11, 2
36, 34, 8, 2
36, 34, 34, 4
36, 34, 9, 2
36, 34, 24, 4
36, 34, 23, 4
36, 34, 10, 2
36, 34, 41, 6
36, 34, 20, 4
36, 34, 35, 4
36, 34, 30, 4
36, 34, 25, 4
36, 34, 32, 4
36, 34, 42, 6
36, 34, 12, 2
36, 34, 26, 4
36, 34, 15, 2
36, 34, 22, 4
36, 34, 33, 4
36, 34, 21, 4
36, 34, 40, 6
36, 34, 18, 2
36, 34, 14, 2
36, 34, 29, 4
36, 34, 16, 2
36, 34, 31, 4
36, 34, 28, 4
36, 34, 13, 2
36, 34, 27, 4
37, 34, 45, 54
37, 34, 50, 54
37, 34, 17, 2
37, 34, 19, 2
37, 34, 7, 2
37, 34, 11, 2
37, 34, 8, 2
37, 34, 34, 4
37, 34, 9, 2
37, 34, 24, 4
37, 34, 23, 4
37, 34, 10, 2
37, 34, 41, 6
37, 34, 20, 4
37, 34, 35, 4
37, 34, 30, 4
37, 34, 25, 4
37, 34, 32, 4
37, 34, 42, 6
37, 34, 12, 2
37, 34, 26, 4
37, 34, 15, 2
37, 34, 22, 4
37, 34, 33, 4
37, 34, 21, 4
37, 34, 40, 6
37, 34, 18, 2
37, 34, 14, 2
37, 34, 29, 4
37, 34, 16, 2
37, 34, 31, 4
37, 34, 28, 4
37, 34, 13, 2
37, 34, 27, 4
38, 34, 45, 54
38, 34, 49, 54
38, 34, 17, 2
38, 34, 19, 2
38, 34, 7, 2
38, 34, 11, 2
38, 34, 8, 2
38, 34, 34, 4
38, 34, 9, 2
38, 34, 24, 4
38, 34, 23, 4
38, 34, 10, 2
38, 34, 41, 6
38, 34, 20, 4
38, 34, 35, 4
38, 34, 30, 4
38, 34, 25, 4
38, 34, 32, 4
38, 34, 42, 6
38, 34, 12, 2
38, 34, 26, 4
38, 34, 15, 2
38, 34, 22, 4
38, 34, 33, 4
38, 34, 21, 4
38, 34, 40, 6
38, 34, 18, 2
38, 34, 14, 2
38, 34, 29, 4
38, 34, 16, 2
38, 34, 31, 4
38, 34, 28, 4
38, 34, 13, 2
38, 34, 27, 4
39, 34, 45, 54
39, 34, 48, 54
39, 34, 17, 2
39, 34, 19, 2
39, 34, 7, 2
39, 34, 11, 2
39, 34, 8, 2
39, 34, 34, 4
39, 34, 9, 2
39, 34, 24, 4
39, 34, 23, 4
39, 34, 10, 2
39, 34, 41, 6
39, 34, 20, 4
39, 34, 35, 4
39, 34, 30, 4
39, 34, 25, 4
39, 34, 32, 4
39, 34, 42, 6
39, 34, 12, 2
39, 34, 26, 4
39, 34, 15, 2
39, 34, 22, 4
39, 34, 33, 4
39, 34, 21, 4
39, 34, 40, 6
39, 34, 18, 2
39, 34, 14, 2
39, 34, 29, 4
39, 34, 16, 2
39, 34, 31, 4
39, 34, 28, 4
39, 34, 13, 2
39, 34, 27, 4
40, 20, 45, 22
40, 20, 36, 3
40, 20, 37, 3
40, 20, 38, 3
40, 20, 39, 3
40, 20, 44, 3
40, 20, 43, 3
40, 20, 51, 3
40, 20, 50, 3
40, 20, 49, 3
40, 20, 48, 3
40, 20, 47, 3
40, 20, 46, 3
40, 20, 35, 6
40, 20, 42, 1
40, 20, 33, 6
40, 20, 21, 1
40, 20, 18, 1
40, 20, 14, 6
40, 20, 28, 1
41, 19, 45, 21
41, 19, 36, 3
41, 19, 37, 3
41, 19, 38, 3
41, 19, 39, 3
41, 19, 44, 3
41, 19, 43, 3
41, 19, 51, 3
41, 19, 50, 3
41, 19, 49, 3
41, 19, 48, 3
41, 19, 47, 3
41, 19, 46, 3
41, 19, 19, 6
41, 19, 34, 1
41, 19, 23, 6
41, 19, 10, 1
41, 19, 35, 1
41, 19, 42, 6
42, 19, 45, 21
42, 19, 36, 3
42, 19, 37, 3
42, 19, 38, 3
42, 19, 39, 3
42, 19, 44, 3
42, 19, 43, 3
42, 19, 51, 3
42, 19, 50, 3
42, 19, 49, 3
42, 19, 48, 3
42, 19, 47, 3
42, 19, 46, 3
42, 19, 41, 6
42, 19, 35, 1
42, 19, 12, 1
42, 19, 26, 6
42, 19, 40, 1
42, 19, 28, 6
43, 34, 45, 54
43, 34, 46, 54
43, 34, 17, 2
43, 34, 19, 2
43, 34, 7, 2
43, 34, 11, 2
43, 34, 8, 2
43, 34, 34, 4
43, 34, 9, 2
43, 34, 24, 4
43, 34, 23, 4
43, 34, 10, 2
43, 34, 41, 6
43, 34, 20, 4
43, 34, 35, 4
43, 34, 30, 4
43, 34, 25, 4
43, 34, 32, 4
43, 34, 42, 6
43, 34, 12, 2
43, 34, 26, 4
43, 34, 15, 2
43, 34, 22, 4
43, 34, 33, 4
43, 34, 21, 4
43, 34, 40, 6
43, 34, 18, 2
43, 34, 14, 2
43, 34, 29, 4
43, 34, 16, 2
43, 34, 31, 4
43, 34, 28, 4
43, 34, 13, 2
43, 34, 27, 4
44, 40, 45, 66
44, 40, 47, 66
44, 40, 17, 4
44, 40, 2, 2
44, 40, 4, 4
44, 40, 19, 4
44, 40, 5, 4
44, 40, 7, 2
44, 40, 11, 2
44, 40, 8, 2
44, 40, 34, 6
44, 40, 3, 2
44, 40, 6, 4
44, 40, 9, 2
44, 40, 24, 4
44, 40, 23, 4
44, 40, 10, 2
44, 40, 41, 6
44, 40, 0, 2
44, 40, 20, 4
44, 40, 35, 4
44, 40, 30, 4
44, 40, 25, 4
44, 40, 32, 4
44, 40, 42, 6
44, 40, 12, 2
44, 40, 26, 4
44, 40, 15, 2
44, 40, 22, 4
44, 40, 33, 4
44, 40, 21, 4
44, 40, 40, 6
44, 40, 18, 2
44, 40, 14, 2
44, 40, 29, 4
44, 40, 16, 2
44, 40, 31, 4
44, 40, 28, 4
44, 40, 13, 2
44, 40, 27, 4
45, 51, 36, 54
45, 51, 37, 54
45, 51, 38, 54
45, 51, 39, 54
45, 51, 44, 66
45, 51, 43, 54
45, 51, 51, 54
45, 51, 50, 54
45, 51, 49, 54
45, 51, 48, 54
45, 51, 47, 66
45, 51, 46, 54
45, 51, 17, 18
45, 51, 2, 8
45, 51, 4, 8
45, 51, 19, 20
45, 51, 1, 8
45, 51, 5, 10
45, 51, 7, 16
45, 51, 11, 18
45, 51, 8, 16
45, 51, 34, 32
45, 51, 3, 8
45, 51, 6, 10
45, 51, 9, 16
45, 51, 24, 32
45, 51, 23, 30
45, 51, 10, 16
45, 51, 41, 42
45, 51, 0, 4
45, 51, 20, 28
45, 51, 35, 28
45, 51, 30, 28
45, 51, 25, 32
45, 51, 32, 28
45, 51, 42, 42
45, 51, 12, 18
45, 51, 26, 28
45, 51, 15, 18
45, 51, 22, 32
45, 51, 33, 32
45, 51, 21, 28
45, 51, 40, 44
45, 51, 18, 20
45, 51, 14, 18
45, 51, 29, 28
45, 51, 16, 18
45, 51, 31, 28
45, 51, 28, 28
45, 51, 13, 18
45, 51, 27, 28
DTG
0, 2, 0, 1, 2
0, 2, 0, 1, 3
0, 2, 1, 0, 3
0, 2, 1, 0, 4
1, 4, 0, 1, 2
1, 4, 0, 1, 2
1, 4, 0, 1, 2
1, 4, 0, 1, 2
1, 4, 1, 0, 3
1, 4, 1, 0, 3
1, 4, 1, 0, 3
1, 4, 1, 0, 3
2, 4, 0, 1, 2
2, 4, 0, 1, 2
2, 4, 0, 1, 2
2, 4, 0, 1, 3
2, 4, 1, 0, 3
2, 4, 1, 0, 3
2, 4, 1, 0, 3
2, 4, 1, 0, 4
3, 4, 0, 1, 2
3, 4, 0, 1, 2
3, 4, 0, 1, 2
3, 4, 0, 1, 3
3, 4, 1, 0, 3
3, 4, 1, 0, 3
3, 4, 1, 0, 3
3, 4, 1, 0, 4
4, 4, 0, 1, 2
4, 4, 0, 1, 2
4, 4, 0, 1, 3
4, 4, 0, 1, 3
4, 4, 1, 0, 3
4, 4, 1, 0, 3
4, 4, 1, 0, 4
4, 4, 1, 0, 4
5, 5, 0, 1, 2
5, 5, 0, 1, 2
5, 5, 0, 1, 2
5, 5, 0, 1, 3
5, 5, 0, 1, 3
5, 5, 1, 0, 3
5, 5, 1, 0, 3
5, 5, 1, 0, 3
5, 5, 1, 0, 4
5, 5, 1, 0, 4
6, 5, 0, 1, 2
6, 5, 0, 1, 2
6, 5, 0, 1, 2
6, 5, 0, 1, 3
6, 5, 0, 1, 3
6, 5, 1, 0, 3
6, 5, 1, 0, 3
6, 5, 1, 0, 3
6, 5, 1, 0, 4
6, 5, 1, 0, 4
7, 8, 0, 1, 2
7, 8, 0, 1, 2
7, 8, 0, 1, 3
7, 8, 0, 1, 3
7, 8, 0, 1, 3
7, 8, 0, 1, 3
7, 8, 0, 1, 3
7, 8, 0, 1, 3
7, 8, 1, 0, 3
7, 8, 1, 0, 3
7, 8, 1, 0, 4
7, 8, 1, 0, 4
7, 8, 1, 0, 4
7, 8, 1, 0, 4
7, 8, 1, 0, 4
7, 8, 1, 0, 4
8, 8, 0, 1, 2
8, 8, 0, 1, 2
8, 8, 0, 1, 3
8, 8, 0, 1, 3
8, 8, 0, 1, 3
8, 8, 0, 1, 3
8, 8, 0, 1, 3
8, 8, 0, 1, 3
8, 8, 1, 0, 3
8, 8, 1, 0, 3
8, 8, 1, 0, 4
8, 8, 1, 0, 4
8, 8, 1, 0, 4
8, 8, 1, 0, 4
8, 8, 1, 0, 4
8, 8, 1, 0, 4
9, 8, 0, 1, 2
9, 8, 0, 1, 2
9, 8, 0, 1, 3
9, 8, 0, 1, 3
9, 8, 0, 1, 3
9, 8, 0, 1, 3
9, 8, 0, 1, 3
9, 8, 0, 1, 3
9, 8, 1, 0, 3
9, 8, 1, 0, 3
9, 8, 1, 0, 4
9, 8, 1, 0, 4
9, 8, 1, 0, 4
9, 8, 1, 0, 4
9, 8, 1, 0, 4
9, 8, 1, 0, 4
10, 8, 0, 1, 2
10, 8, 0, 1, 2
10, 8, 0, 1, 3
10, 8, 0, 1, 3
10, 8, 0, 1, 3
10, 8, 0, 1, 3
10, 8, 0, 1, 3
10, 8, 0, 1, 3
10, 8, 1, 0, 3
10, 8, 1, 0, 3
10, 8, 1, 0, 4
10, 8, 1, 0, 4
10, 8, 1, 0, 4
10, 8, 1, 0, 4
10, 8, 1, 0, 4
10, 8, 1, 0, 4
11, 9, 0, 1, 2
11, 9, 0, 1, 2
11, 9, 0, 1, 2
11, 9, 0, 1, 3
11, 9, 0, 1, 3
11, 9, 0, 1, 3
11, 9, 0, 1, 3
11, 9, 0, 1, 3
11, 9, 0, 1, 3
11, 9, 1, 0, 3
11, 9, 1, 0, 3
11, 9, 1, 0, 3
11, 9, 1, 0, 4
11, 9, 1, 0, 4
11, 9, 1, 0, 4
11, 9, 1, 0, 4
11, 9, 1, 0, 4
11, 9, 1, 0, 4
12, 9, 0, 1, 2
12, 9, 0, 1, 2
12, 9, 0, 1, 2
12, 9, 0, 1, 3
12, 9, 0, 1, 3
12, 9, 0, 1, 3
12, 9, 0, 1, 3
12, 9, 0, 1, 3
12, 9, 0, 1, 3
12, 9, 1, 0, 3
12, 9, 1, 0, 3
12, 9, 1, 0, 3
12, 9, 1, 0, 4
12, 9, 1, 0, 4
12, 9, 1, 0, 4
12, 9, 1, 0, 4
12, 9, 1, 0, 4
12, 9, 1, 0, 4
13, 9, 0, 1, 2
13, 9, 0, 1, 2
13, 9, 0, 1, 2
13, 9, 0, 1, 3
13, 9, 0, 1, 3
13, 9, 0, 1, 3
13, 9, 0, 1, 3
13, 9, 0, 1, 3
13, 9, 0, 1, 3
13, 9, 1, 0, 3
13, 9, 1, 0, 3
13, 9, 1, 0, 3
13, 9, 1, 0, 4
13, 9, 1, 0, 4
13, 9, 1, 0, 4
13, 9, 1, 0, 4
13, 9, 1, 0, 4
13, 9, 1, 0, 4
14, 9, 0, 1, 2
14, 9, 0, 1, 2
14, 9, 0, 1, 2
14, 9, 0, 1, 3
14, 9, 0, 1, 3
14, 9, 0, 1, 3
14, 9, 0, 1, 3
14, 9, 0, 1, 3
14, 9, 0, 1, 3
14, 9, 1, 0, 3
14, 9, 1, 0, 3
14, 9, 1, 0, 3
14, 9, 1, 0, 4
14, 9, 1, 0, 4
14, 9, 1, 0, 4
14, 9, 1, 0, 4
14, 9, 1, 0, 4
14, 9, 1, 0, 4
15, 9, 0, 1, 2
15, 9, 0, 1, 2
15, 9, 0, 1, 2
15, 9, 0, 1, 3
15, 9, 0, 1, 3
15, 9, 0, 1, 3
15, 9, 0, 1, 3
15, 9, 0, 1, 3
15, 9, 0, 1, 3
15, 9, 1, 0, 3
15, 9, 1, 0, 3
15, 9, 1, 0, 3
15, 9, 1, 0, 4
15, 9, 1, 0, 4
15, 9, 1, 0, 4
15, 9, 1, 0, 4
15, 9, 1, 0, 4
15, 9, 1, 0, 4
16, 9, 0, 1, 2
16, 9, 0, 1, 2
16, 9, 0, 1, 2
16, 9, 0, 1, 3
16, 9, 0, 1, 3
16, 9, 0, 1, 3
16, 9, 0, 1, 3
16, 9, 0, 1, 3
16, 9, 0, 1, 3
16, 9, 1, 0, 3
16, 9, 1, 0, 3
16, 9, 1, 0, 3
16, 9, 1, 0, 4
16, 9, 1, 0, 4
16, 9, 1, 0, 4
16, 9, 1, 0, 4
16, 9, 1, 0, 4
16, 9, 1, 0, 4
17, 9, 0, 1, 2
17, 9, 0, 1, 2
17, 9, 0, 1, 3
17, 9, 0, 1, 3
17, 9, 0, 1, 3
17, 9, 0, 1, 3
17, 9, 0, 1, 3
17, 9, 0, 1, 3
17, 9, 0, 1, 3
17, 9, 1, 0, 3
17, 9, 1, 0, 3
17, 9, 1, 0, 4
17, 9, 1, 0, 4
17, 9, 1, 0, 4
17, 9, 1, 0, 4
17, 9, 1, 0, 4
17, 9, 1, 0, 4
17, 9, 1, 0, 4
18, 10, 0, 1, 2
18, 10, 0, 1, 2
18, 10, 0, 1, 2
18, 10, 0, 1, 2
18, 10, 0, 1, 3
18, 10, 0, 1, 3
18, 10, 0, 1, 3
18, 10, 0, 1, 3
18, 10, 0, 1, 3
18, 10, 0, 1, 3
18, 10, 1, 0, 3
18, 10, 1, 0, 3
18, 10, 1, 0, 3
18, 10, 1, 0, 3
18, 10, 1, 0, 4
18, 10, 1, 0, 4
18, 10, 1, 0, 4
18, 10, 1, 0, 4
18, 10, 1, 0, 4
18, 10, 1, 0, 4
19, 10, 0, 1, 2
19, 10, 0, 1, 2
19, 10, 0, 1, 2
19, 10, 0, 1, 3
19, 10, 0, 1, 3
19, 10, 0, 1, 3
19, 10, 0, 1, 3
19, 10, 0, 1, 3
19, 10, 0, 1, 3
19, 10, 0, 1, 3
19, 10, 1, 0, 3
19, 10, 1, 0, 3
19, 10, 1, 0, 3
19, 10, 1, 0, 4
19, 10, 1, 0, 4
19, 10, 1, 0, 4
19, 10, 1, 0, 4
19, 10, 1, 0, 4
19, 10, 1, 0, 4
19, 10, 1, 0, 4
20, 14, 0, 1, 2
20, 14, 0, 1, 2
20, 14, 0, 1, 3
20, 14, 0, 1, 3
20, 14, 0, 1, 3
20, 14, 0, 1, 3
20, 14, 0, 1, 3
20, 14, 0, 1, 3
20, 14, 0, 1, 3
20, 14, 0, 1, 3
20, 14, 0, 1, 3
20, 14, 0, 1, 3
20, 14, 0, 1, 3
20, 14, 0, 1, 3
20, 14, 1, 0, 3
20, 14, 1, 0, 3
20, 14, 1, 0, 4
20, 14, 1, 0, 4
20, 14, 1, 0, 4
20, 14, 1, 0, 4
20, 14, 1, 0, 4
20, 14, 1, 0, 4
20, 14, 1, 0, 4
20, 14, 1, 0, 4
20, 14, 1, 0, 4
20, 14, 1, 0, 4
20, 14, 1, 0, 4
20, 14, 1, 0, 4
21, 14, 0, 1, 2
21, 14, 0, 1, 2
21, 14, 0, 1, 3
21, 14, 0, 1, 3
21, 14, 0, 1, 3
21, 14, 0, 1, 3
21, 14, 0, 1, 3
21, 14, 0, 1, 3
21, 14, 0, 1, 3
21, 14, 0, 1, 3
21, 14, 0, 1, 3
21, 14, 0, 1, 3
21, 14, 0, 1, 3
21, 14, 0, 1, 3
21, 14, 1, 0, 3
21, 14, 1, 0, 3
21, 14, 1, 0, 4
21, 14, 1, 0, 4
21, 14, 1, 0, 4
21, 14, 1, 0, 4
21, 14, 1, 0, 4
21, 14, 1, 0, 4
21, 14, 1, 0, 4
21, 14, 1, 0, 4
21, 14, 1, 0, 4
21, 14, 1, 0, 4
21, 14, 1, 0, 4
21, 14, 1, 0, 4
22, 16, 0, 1, 2
22, 16, 0, 1, 2
22, 16, 0, 1, 2
22, 16, 0, 1, 2
22, 16, 0, 1, 3
22, 16, 0, 1, 3
22, 16, 0, 1, 3
22, 16, 0, 1, 3
22, 16, 0, 1, 3
22, 16, 0, 1, 3
22, 16, 0, 1, 3
22, 16, 0, 1, 3
22, 16, 0, 1, 3
22, 16, 0, 1, 3
22, 16, 0, 1, 3
22, 16, 0, 1, 3
22, 16, 1, 0, 3
22, 16, 1, 0, 3
22, 16, 1, 0, 3
22, 16, 1, 0, 3
22, 16, 1, 0, 4
22, 16, 1, 0, 4
22, 16, 1, 0, 4
22, 16, 1, 0, 4
22, 16, 1, 0, 4
22, 16, 1, 0, 4
22, 16, 1, 0, 4
22, 16, 1, 0, 4
22, 16, 1, 0, 4
22, 16, 1, 0, 4
22, 16, 1, 0, 4
22, 16, 1, 0, 4
23, 15, 0, 1, 2
23, 15, 0, 1, 2
23, 15, 0, 1, 2
23, 15, 0, 1, 3
23, 15, 0, 1, 3
23, 15, 0, 1, 3
23, 15, 0, 1, 3
23, 15, 0, 1, 3
23, 15, 0, 1, 3
23, 15, 0, 1, 3
23, 15, 0, 1, 3
23, 15, 0, 1, 3
23, 15, 0, 1, 3
23, 15, 0, 1, 3
23, 15, 0, 1, 3
23, 15, 1, 0, 3
23, 15, 1, 0, 3
23, 15, 1, 0, 3
23, 15, 1, 0, 4
23, 15, 1, 0, 4
23, 15, 1, 0, 4
23, 15, 1, 0, 4
23, 15, 1, 0, 4
23, 15, 1, 0, 4
23, 15, 1, 0, 4
23, 15, 1, 0, 4
23, 15, 1, 0, 4
23, 15, 1, 0, 4
23, 15, 1, 0, 4
23, 15, 1, 0, 4
24, 16, 0, 1, 2
24, 16, 0, 1, 2
24, 16, 0, 1, 2
24, 16, 0, 1, 2
24, 16, 0, 1, 3
24, 16, 0, 1, 3
24, 16, 0, 1, 3
24, 16, 0, 1, 3
24, 16, 0, 1, 3
24, 16, 0, 1, 3
24, 16, 0, 1, 3
24, 16, 0, 1, 3
24, 16, 0, 1, 3
24, 16, 0, 1, 3
24, 16, 0, 1, 3
24, 16, 0, 1, 3
24, 16, 1, 0, 3
24, 16, 1, 0, 3
24, 16, 1, 0, 3
24, 16, 1, 0, 3
24, 16, 1, 0, 4
24, 16, 1, 0, 4
24, 16, 1, 0, 4
24, 16, 1, 0, 4
24, 16, 1, 0, 4
24, 16, 1, 0, 4
24, 16, 1, 0, 4
24, 16, 1, 0, 4
24, 16, 1, 0, 4
24, 16, 1, 0, 4
24, 16, 1, 0, 4
24, 16, 1, 0, 4
25, 16, 0, 1, 2
25, 16, 0, 1, 2
25, 16, 0, 1, 2
25, 16, 0, 1, 2
25, 16, 0, 1, 3
25, 16, 0, 1, 3
25, 16, 0, 1, 3
25, 16, 0, 1, 3
25, 16, 0, 1, 3
25, 16, 0, 1, 3
25, 16, 0, 1, 3
25, 16, 0, 1, 3
25, 16, 0, 1, 3
25, 16, 0, 1, 3
25, 16, 0, 1, 3
25, 16, 0, 1, 3
25, 16, 1, 0, 3
25, 16, 1, 0, 3
25, 16, 1, 0, 3
25, 16, 1, 0, 3
25, 16, 1, 0, 4
25, 16, 1, 0, 4
25, 16, 1, 0, 4
25, 16, 1, 0, 4
25, 16, 1, 0, 4
25, 16, 1, 0, 4
25, 16, 1, 0, 4
25, 16, 1, 0, 4
25, 16, 1, 0, 4
25, 16, 1, 0, 4
25, 16, 1, 0, 4
25, 16, 1, 0, 4
26, 14, 0, 1, 2
26, 14, 0, 1, 2
26, 14, 0, 1, 3
26, 14, 0, 1, 3
26, 14, 0, 1, 3
26, 14, 0, 1, 3
26, 14, 0, 1, 3
26, 14, 0, 1, 3
26, 14, 0, 1, 3
26, 14, 0, 1, 3
26, 14, 0, 1, 3
26, 14, 0, 1, 3
26, 14, 0, 1, 3
26, 14, 0, 1, 3
26, 14, 1, 0, 3
26, 14, 1, 0, 3
26, 14, 1, 0, 4
26, 14, 1, 0, 4
26, 14, 1, 0, 4
26, 14, 1, 0, 4
26, 14, 1, 0, 4
26, 14, 1, 0, 4
26, 14, 1, 0, 4
26, 14, 1, 0, 4
26, 14, 1, 0, 4
26, 14, 1, 0, 4
26, 14, 1, 0, 4
26, 14, 1, 0, 4
27, 14, 0, 1, 2
27, 14, 0, 1, 2
27, 14, 0, 1, 3
27, 14, 0, 1, 3
27, 14, 0, 1, 3
27, 14, 0, 1, 3
27, 14, 0, 1, 3
27, 14, 0, 1, 3
27, 14, 0, 1, 3
27, 14, 0, 1, 3
27, 14, 0, 1, 3
27, 14, 0, 1, 3
27, 14, 0, 1, 3
27, 14, 0, 1, 3
27, 14, 1, 0, 3
27, 14, 1, 0, 3
27, 14, 1, 0, 4
27, 14, 1, 0, 4
27, 14, 1, 0, 4
27, 14, 1, 0, 4
27, 14, 1, 0, 4
27, 14, 1, 0, 4
27, 14, 1, 0, 4
27, 14, 1, 0, 4
27, 14, 1, 0, 4
27, 14, 1, 0, 4
27, 14, 1, 0, 4
27, 14, 1, 0, 4
28, 14, 0, 1, 2
28, 14, 0, 1, 2
28, 14, 0, 1, 3
28, 14, 0, 1, 3
28, 14, 0, 1, 3
28, 14, 0, 1, 3
28, 14, 0, 1, 3
28, 14, 0, 1, 3
28, 14, 0, 1, 3
28, 14, 0, 1, 3
28, 14, 0, 1, 3
28, 14, 0, 1, 3
28, 14, 0, 1, 3
28, 14, 0, 1, 3
28, 14, 1, 0, 3
28, 14, 1, 0, 3
28, 14, 1, 0, 4
28, 14, 1, 0, 4
28, 14, 1, 0, 4
28, 14, 1, 0, 4
28, 14, 1, 0, 4
28, 14, 1, 0, 4
28, 14, 1, 0, 4
28, 14, 1, 0, 4
28, 14, 1, 0, 4
28, 14, 1, 0, 4
28, 14, 1, 0, 4
28, 14, 1, 0, 4
29, 14, 0, 1, 2
29, 14, 0, 1, 2
29, 14, 0, 1, 3
29, 14, 0, 1, 3
29, 14, 0, 1, 3
29, 14, 0, 1, 3
29, 14, 0, 1, 3
29, 14, 0, 1, 3
29, 14, 0, 1, 3
29, 14, 0, 1, 3
29, 14, 0, 1, 3
29, 14, 0, 1, 3
29, 14, 0, 1, 3
29, 14, 0, 1, 3
29, 14, 1, 0, 3
29, 14, 1, 0, 3
29, 14, 1, 0, 4
29, 14, 1, 0, 4
29, 14, 1, 0, 4
29, 14, 1, 0, 4
29, 14, 1, 0, 4
29, 14, 1, 0, 4
29, 14, 1, 0, 4
29, 14, 1, 0, 4
29, 14, 1, 0, 4
29, 14, 1, 0, 4
29, 14, 1, 0, 4
29, 14, 1, 0, 4
30, 14, 0, 1, 2
30, 14, 0, 1, 2
30, 14, 0, 1, 3
30, 14, 0, 1, 3
30, 14, 0, 1, 3
30, 14, 0, 1, 3
30, 14, 0, 1, 3
30, 14, 0, 1, 3
30, 14, 0, 1, 3
30, 14, 0, 1, 3
30, 14, 0, 1, 3
30, 14, 0, 1, 3
30, 14, 0, 1, 3
30, 14, 0, 1, 3
30, 14, 1, 0, 3
30, 14, 1, 0, 3
30, 14, 1, 0, 4
30, 14, 1, 0, 4
30, 14, 1, 0, 4
30, 14, 1, 0, 4
30, 14, 1, 0, 4
30, 14, 1, 0, 4
30, 14, 1, 0, 4
30, 14, 1, 0, 4
30, 14, 1, 0, 4
30, 14, 1, 0, 4
30, 14, 1, 0, 4
30, 14, 1, 0, 4
31, 14, 0, 1, 2
31, 14, 0, 1, 2
31, 14, 0, 1, 3
31, 14, 0, 1, 3
31, 14, 0, 1, 3
31, 14, 0, 1, 3
31, 14, 0, 1, 3
31, 14, 0, 1, 3
31, 14, 0, 1, 3
31, 14, 0, 1, 3
31, 14, 0, 1, 3
31, 14, 0, 1, 3
31, 14, 0, 1, 3
31, 14, 0, 1, 3
31, 14, 1, 0, 3
31, 14, 1, 0, 3
31, 14, 1, 0, 4
31, 14, 1, 0, 4
31, 14, 1, 0, 4
31, 14, 1, 0, 4
31, 14, 1, 0, 4
31, 14, 1, 0, 4
31, 14, 1, 0, 4
31, 14, 1, 0, 4
31, 14, 1, 0, 4
31, 14, 1, 0, 4
31, 14, 1, 0, 4
31, 14, 1, 0, 4
32, 14, 0, 1, 2
32, 14, 0, 1, 2
32, 14, 0, 1, 3
32, 14, 0, 1, 3
32, 14, 0, 1, 3
32, 14, 0, 1, 3
32, 14, 0, 1, 3
32, 14, 0, 1, 3
32, 14, 0, 1, 3
32, 14, 0, 1, 3
32, 14, 0, 1, 3
32, 14, 0, 1, 3
32, 14, 0, 1, 3
32, 14, 0, 1, 3
32, 14, 1, 0, 3
32, 14, 1, 0, 3
32, 14, 1, 0, 4
32, 14, 1, 0, 4
32, 14, 1, 0, 4
32, 14, 1, 0, 4
32, 14, 1, 0, 4
32, 14, 1, 0, 4
32, 14, 1, 0, 4
32, 14, 1, 0, 4
32, 14, 1, 0, 4
32, 14, 1, 0, 4
32, 14, 1, 0, 4
32, 14, 1, 0, 4
33, 16, 0, 1, 2
33, 16, 0, 1, 2
33, 16, 0, 1, 2
33, 16, 0, 1, 2
33, 16, 0, 1, 3
33, 16, 0, 1, 3
33, 16, 0, 1, 3
33, 16, 0, 1, 3
33, 16, 0, 1, 3
33, 16, 0, 1, 3
33, 16, 0, 1, 3
33, 16, 0, 1, 3
33, 16, 0, 1, 3
33, 16, 0, 1, 3
33, 16, 0, 1, 3
33, 16, 0, 1, 3
33, 16, 1, 0, 3
33, 16, 1, 0, 3
33, 16, 1, 0, 3
33, 16, 1, 0, 3
33, 16, 1, 0, 4
33, 16, 1, 0, 4
33, 16, 1, 0, 4
33, 16, 1, 0, 4
33, 16, 1, 0, 4
33, 16, 1, 0, 4
33, 16, 1, 0, 4
33, 16, 1, 0, 4
33, 16, 1, 0, 4
33, 16, 1, 0, 4
33, 16, 1, 0, 4
33, 16, 1, 0, 4
34, 16, 0, 1, 2
34, 16, 0, 1, 2
34, 16, 0, 1, 2
34, 16, 0, 1, 3
34, 16, 0, 1, 3
34, 16, 0, 1, 3
34, 16, 0, 1, 3
34, 16, 0, 1, 3
34, 16, 0, 1, 3
34, 16, 0, 1, 3
34, 16, 0, 1, 3
34, 16, 0, 1, 3
34, 16, 0, 1, 3
34, 16, 0, 1, 3
34, 16, 0, 1, 3
34, 16, 0, 1, 3
34, 16, 1, 0, 3
34, 16, 1, 0, 3
34, 16, 1, 0, 3
34, 16, 1, 0, 4
34, 16, 1, 0, 4
34, 16, 1, 0, 4
34, 16, 1, 0, 4
34, 16, 1, 0, 4
34, 16, 1, 0, 4
34, 16, 1, 0, 4
34, 16, 1, 0, 4
34, 16, 1, 0, 4
34, 16, 1, 0, 4
34, 16, 1, 0, 4
34, 16, 1, 0, 4
34, 16, 1, 0, 4
35, 14, 0, 1, 2
35, 14, 0, 1, 2
35, 14, 0, 1, 3
35, 14, 0, 1, 3
35, 14, 0, 1, 3
35, 14, 0, 1, 3
35, 14, 0, 1, 3
35, 14, 0, 1, 3
35, 14, 0, 1, 3
35, 14, 0, 1, 3
35, 14, 0, 1, 3
35, 14, 0, 1, 3
35, 14, 0, 1, 3
35, 14, 0, 1, 3
35, 14, 1, 0, 3
35, 14, 1, 0, 3
35, 14, 1, 0, 4
35, 14, 1, 0, 4
35, 14, 1, 0, 4
35, 14, 1, 0, 4
35, 14, 1, 0, 4
35, 14, 1, 0, 4
35, 14, 1, 0, 4
35, 14, 1, 0, 4
35, 14, 1, 0, 4
35, 14, 1, 0, 4
35, 14, 1, 0, 4
35, 14, 1, 0, 4
36, 2, 1, 0, 3
36, 2, 1, 5, 3
36, 2, 3, 2, 3
36, 2, 3, 4, 3
36, 2, 5, 1, 3
36, 2, 5, 10, 3
36, 4, 7, 3, 3
36, 4, 7, 6, 3
36, 4, 7, 8, 3
36, 4, 7, 11, 3
36, 2, 8, 7, 3
36, 2, 8, 9, 3
36, 2, 9, 8, 3
36, 2, 9, 10, 3
36, 2, 10, 5, 3
36, 2, 10, 12, 3
36, 2, 11, 7, 3
36, 2, 11, 14, 3
36, 2, 12, 10, 3
36, 2, 12, 16, 3
36, 4, 14, 11, 3
36, 4, 14, 13, 3
36, 4, 14, 15, 3
36, 4, 14, 20, 3
36, 2, 16, 12, 3
36, 2, 16, 23, 3
36, 2, 17, 16, 3
36, 2, 17, 18, 3
36, 2, 19, 13, 3
36, 2, 19, 26, 3
36, 4, 20, 14, 3
36, 4, 20, 19, 3
36, 4, 20, 21, 3
36, 4, 20, 27, 3
36, 4, 21, 15, 3
36, 4, 21, 20, 3
36, 4, 21, 22, 3
36, 4, 21, 28, 3
36, 2, 22, 21, 3
36, 2, 22, 23, 3
36, 4, 23, 16, 3
36, 4, 23, 22, 3
36, 4, 23, 24, 3
36, 4, 23, 29, 3
36, 4, 24, 17, 3
36, 4, 24, 23, 3
36, 4, 24, 25, 3
36, 4, 24, 30, 3
36, 2, 25, 18, 3
36, 2, 25, 31, 3
36, 2, 27, 26, 3
36, 2, 27, 28, 3
36, 2, 30, 29, 3
36, 2, 30, 31, 3
37, 2, 1, 0, 3
37, 2, 1, 5, 3
37, 2, 3, 2, 3
37, 2, 3, 4, 3
37, 2, 5, 1, 3
37, 2, 5, 10, 3
37, 4, 7, 3, 3
37, 4, 7, 6, 3
37, 4, 7, 8, 3
37, 4, 7, 11, 3
37, 2, 8, 7, 3
37, 2, 8, 9, 3
37, 2, 9, 8, 3
37, 2, 9, 10, 3
37, 2, 10, 5, 3
37, 2, 10, 12, 3
37, 2, 11, 7, 3
37, 2, 11, 14, 3
37, 2, 12, 10, 3
37, 2, 12, 16, 3
37, 4, 14, 11, 3
37, 4, 14, 13, 3
37, 4, 14, 15, 3
37, 4, 14, 20, 3
37, 2, 16, 12, 3
37, 2, 16, 23, 3
37, 2, 17, 16, 3
37, 2, 17, 18, 3
37, 2, 19, 13, 3
37, 2, 19, 26, 3
37, 4, 20, 14, 3
37, 4, 20, 19, 3
37, 4, 20, 21, 3
37, 4, 20, 27, 3
37, 4, 21, 15, 3
37, 4, 21, 20, 3
37, 4, 21, 22, 3
37, 4, 21, 28, 3
37, 2, 22, 21, 3
37, 2, 22, 23, 3
37, 4, 23, 16, 3
37, 4, 23, 22, 3
37, 4, 23, 24, 3
37, 4, 23, 29, 3
37, 4, 24, 17, 3
37, 4, 24, 23, 3
37, 4, 24, 25, 3
37, 4, 24, 30, 3
37, 2, 25, 18, 3
37, 2, 25, 31, 3
37, 2, 27, 26, 3
37, 2, 27, 28, 3
37, 2, 30, 29, 3
37, 2, 30, 31, 3
38, 2, 1, 0, 3
38, 2, 1, 5, 3
38, 2, 3, 2, 3
38, 2, 3, 4, 3
38, 2, 5, 1, 3
38, 2, 5, 10, 3
38, 4, 7, 3, 3
38, 4, 7, 6, 3
38, 4, 7, 8, 3
38, 4, 7, 11, 3
38, 2, 8, 7, 3
38, 2, 8, 9, 3
38, 2, 9, 8, 3
38, 2, 9, 10, 3
38, 2, 10, 5, 3
38, 2, 10, 12, 3
38, 2, 11, 7, 3
38, 2, 11, 14, 3
38, 2, 12, 10, 3
38, 2, 12, 16, 3
38, 4, 14, 11, 3
38, 4, 14, 13, 3
38, 4, 14, 15, 3
38, 4, 14, 20, 3
38, 2, 16, 12, 3
38, 2, 16, 23, 3
38, 2, 17, 16, 3
38, 2, 17, 18, 3
38, 2, 19, 13, 3
38, 2, 19, 26, 3
38, 4, 20, 14, 3
38, 4, 20, 19, 3
38, 4, 20, 21, 3
38, 4, 20, 27, 3
38, 4, 21, 15, 3
38, 4, 21, 20, 3
38, 4, 21, 22, 3
38, 4, 21, 28, 3
38, 2, 22, 21, 3
38, 2, 22, 23, 3
38, 4, 23, 16, 3
38, 4, 23, 22, 3
38, 4, 23, 24, 3
38, 4, 23, 29, 3
38, 4, 24, 17, 3
38, 4, 24, 23, 3
38, 4, 24, 25, 3
38, 4, 24, 30, 3
38, 2, 25, 18, 3
38, 2, 25, 31, 3
38, 2, 27, 26, 3
38, 2, 27, 28, 3
38, 2, 30, 29, 3
38, 2, 30, 31, 3
39, 2, 1, 0, 3
39, 2, 1, 5, 3
39, 2, 3, 2, 3
39, 2, 3, 4, 3
39, 2, 5, 1, 3
39, 2, 5, 10, 3
39, 4, 7, 3, 3
39, 4, 7, 6, 3
39, 4, 7, 8, 3
39, 4, 7, 11, 3
39, 2, 8, 7, 3
39, 2, 8, 9, 3
39, 2, 9, 8, 3
39, 2, 9, 10, 3
39, 2, 10, 5, 3
39, 2, 10, 12, 3
39, 2, 11, 7, 3
39, 2, 11, 14, 3
39, 2, 12, 10, 3
39, 2, 12, 16, 3
39, 4, 14, 11, 3
39, 4, 14, 13, 3
39, 4, 14, 15, 3
39, 4, 14, 20, 3
39, 2, 16, 12, 3
39, 2, 16, 23, 3
39, 2, 17, 16, 3
39, 2, 17, 18, 3
39, 2, 19, 13, 3
39, 2, 19, 26, 3
39, 4, 20, 14, 3
39, 4, 20, 19, 3
39, 4, 20, 21, 3
39, 4, 20, 27, 3
39, 4, 21, 15, 3
39, 4, 21, 20, 3
39, 4, 21, 22, 3
39, 4, 21, 28, 3
39, 2, 22, 21, 3
39, 2, 22, 23, 3
39, 4, 23, 16, 3
39, 4, 23, 22, 3
39, 4, 23, 24, 3
39, 4, 23, 29, 3
39, 4, 24, 17, 3
39, 4, 24, 23, 3
39, 4, 24, 25, 3
39, 4, 24, 30, 3
39, 2, 25, 18, 3
39, 2, 25, 31, 3
39, 2, 27, 26, 3
39, 2, 27, 28, 3
39, 2, 30, 29, 3
39, 2, 30, 31, 3
40, 22, 0, 1, 2
40, 22, 0, 1, 2
40, 22, 0, 1, 2
40, 22, 0, 1, 2
40, 22, 0, 1, 3
40, 22, 0, 1, 3
40, 22, 0, 1, 3
40, 22, 0, 1, 3
40, 22, 0, 1, 3
40, 22, 0, 1, 3
40, 22, 0, 1, 3
40, 22, 0, 1, 3
40, 22, 0, 1, 3
40, 22, 0, 1, 3
40, 22, 0, 1, 3
40, 22, 0, 1, 3
40, 22, 0, 1, 3
40, 22, 0, 1, 3
40, 22, 0, 1, 3
40, 22, 0, 1, 3
40, 22, 0, 1, 3
40, 22, 0, 1, 3
40, 22, 1, 0, 3
40, 22, 1, 0, 3
40, 22, 1, 0, 3
40, 22, 1, 0, 3
40, 22, 1, 0, 4
40, 22, 1, 0, 4
40, 22, 1, 0, 4
40, 22, 1, 0, 4
40, 22, 1, 0, 4
40, 22, 1, 0, 4
40, 22, 1, 0, 4
40, 22, 1, 0, 4
40, 22, 1, 0, 4
40, 22, 1, 0, 4
40, 22, 1, 0, 4
40, 22, 1, 0, 4
40, 22, 1, 0, 4
40, 22, 1, 0, 4
40, 22, 1, 0, 4
40, 22, 1, 0, 4
40, 22, 1, 0, 4
40, 22, 1, 0, 4
41, 21, 0, 1, 2
41, 21, 0, 1, 2
41, 21, 0, 1, 2
41, 21, 0, 1, 3
41, 21, 0, 1, 3
41, 21, 0, 1, 3
41, 21, 0, 1, 3
41, 21, 0, 1, 3
41, 21, 0, 1, 3
41, 21, 0, 1, 3
41, 21, 0, 1, 3
41, 21, 0, 1, 3
41, 21, 0, 1, 3
41, 21, 0, 1, 3
41, 21, 0, 1, 3
41, 21, 0, 1, 3
41, 21, 0, 1, 3
41, 21, 0, 1, 3
41, 21, 0, 1, 3
41, 21, 0, 1, 3
41, 21, 0, 1, 3
41, 21, 1, 0, 3
41, 21, 1, 0, 3
41, 21, 1, 0, 3
41, 21, 1, 0, 4
41, 21, 1, 0, 4
41, 21, 1, 0, 4
41, 21, 1, 0, 4
41, 21, 1, 0, 4
41, 21, 1, 0, 4
41, 21, 1, 0, 4
41, 21, 1, 0, 4
41, 21, 1, 0, 4
41, 21, 1, 0, 4
41, 21, 1, 0, 4
41, 21, 1, 0, 4
41, 21, 1, 0, 4
41, 21, 1, 0, 4
41, 21, 1, 0, 4
41, 21, 1, 0, 4
41, 21, 1, 0, 4
41, 21, 1, 0, 4
42, 21, 0, 1, 2
42, 21, 0, 1, 2
42, 21, 0, 1, 2
42, 21, 0, 1, 3
42, 21, 0, 1, 3
42, 21, 0, 1, 3
42, 21, 0, 1, 3
42, 21, 0, 1, 3
42, 21, 0, 1, 3
42, 21, 0, 1, 3
42, 21, 0, 1, 3
42, 21, 0, 1, 3
42, 21, 0, 1, 3
42, 21, 0, 1, 3
42, 21, 0, 1, 3
42, 21, 0, 1, 3
42, 21, 0, 1, 3
42, 21, 0, 1, 3
42, 21, 0, 1, 3
42, 21, 0, 1, 3
42, 21, 0, 1, 3
42, 21, 1, 0, 3
42, 21, 1, 0, 3
42, 21, 1, 0, 3
42, 21, 1, 0, 4
42, 21, 1, 0, 4
42, 21, 1, 0, 4
42, 21, 1, 0, 4
42, 21, 1, 0, 4
42, 21, 1, 0, 4
42, 21, 1, 0, 4
42, 21, 1, 0, 4
42, 21, 1, 0, 4
42, 21, 1, 0, 4
42, 21, 1, 0, 4
42, 21, 1, 0, 4
42, 21, 1, 0, 4
42, 21, 1, 0, 4
42, 21, 1, 0, 4
42, 21, 1, 0, 4
42, 21, 1, 0, 4
42, 21, 1, 0, 4
43, 2, 1, 0, 3
43, 2, 1, 5, 3
43, 2, 3, 2, 3
43, 2, 3, 4, 3
43, 2, 5, 1, 3
43, 2, 5, 10, 3
43, 4, 7, 3, 3
43, 4, 7, 6, 3
43, 4, 7, 8, 3
43, 4, 7, 11, 3
43, 2, 8, 7, 3
43, 2, 8, 9, 3
43, 2, 9, 8, 3
43, 2, 9, 10, 3
43, 2, 10, 5, 3
43, 2, 10, 12, 3
43, 2, 11, 7, 3
43, 2, 11, 14, 3
43, 2, 12, 10, 3
43, 2, 12, 16, 3
43, 4, 14, 11, 3
43, 4, 14, 13, 3
43, 4, 14, 15, 3
43, 4, 14, 20, 3
43, 2, 16, 12, 3
43, 2, 16, 23, 3
43, 2, 17, 16, 3
43, 2, 17, 18, 3
43, 2, 19, 13, 3
43, 2, 19, 26, 3
43, 4, 20, 14, 3
43, 4, 20, 19, 3
43, 4, 20, 21, 3
43, 4, 20, 27, 3
43, 4, 21, 15, 3
43, 4, 21, 20, 3
43, 4, 21, 22, 3
43, 4, 21, 28, 3
43, 2, 22, 21, 3
43, 2, 22, 23, 3
43, 4, 23, 16, 3
43, 4, 23, 22, 3
43, 4, 23, 24, 3
43, 4, 23, 29, 3
43, 4, 24, 17, 3
43, 4, 24, 23, 3
43, 4, 24, 25, 3
43, 4, 24, 30, 3
43, 2, 25, 18, 3
43, 2, 25, 31, 3
43, 2, 27, 26, 3
43, 2, 27, 28, 3
43, 2, 30, 29, 3
43, 2, 30, 31, 3
44, 2, 1, 0, 3
44, 2, 1, 2, 3
44, 2, 3, 0, 3
44, 2, 3, 9, 3
44, 4, 4, 1, 3
44, 4, 4, 3, 3
44, 4, 4, 5, 3
44, 4, 4, 10, 3
44, 2, 5, 2, 3
44, 2, 5, 11, 3
44, 2, 7, 6, 3
44, 2, 7, 8, 3
44, 2, 9, 3, 3
44, 2, 9, 16, 3
44, 2, 10, 9, 3
44, 2, 10, 11, 3
44, 2, 11, 5, 3
44, 2, 11, 17, 3
44, 4, 13, 7, 3
44, 4, 13, 12, 3
44, 4, 13, 14, 3
44, 4, 13, 18, 3
44, 2, 14, 13, 3
44, 2, 14, 15, 3
44, 2, 15, 14, 3
44, 2, 15, 16, 3
44, 2, 16, 9, 3
44, 2, 16, 19, 3
44, 2, 18, 13, 3
44, 2, 18, 21, 3
44, 2, 19, 16, 3
44, 2, 19, 23, 3
44, 4, 21, 18, 3
44, 4, 21, 20, 3
44, 4, 21, 22, 3
44, 4, 21, 27, 3
44, 2, 23, 19, 3
44, 2, 23, 30, 3
44, 2, 24, 23, 3
44, 2, 24, 25, 3
44, 2, 26, 20, 3
44, 2, 26, 33, 3
44, 4, 27, 21, 3
44, 4, 27, 26, 3
44, 4, 27, 28, 3
44, 4, 27, 34, 3
44, 4, 28, 22, 3
44, 4, 28, 27, 3
44, 4, 28, 29, 3
44, 4, 28, 35, 3
44, 2, 29, 28, 3
44, 2, 29, 30, 3
44, 4, 30, 23, 3
44, 4, 30, 29, 3
44, 4, 30, 31, 3
44, 4, 30, 36, 3
44, 4, 31, 24, 3
44, 4, 31, 30, 3
44, 4, 31, 32, 3
44, 4, 31, 37, 3
44, 2, 32, 25, 3
44, 2, 32, 38, 3
44, 2, 34, 33, 3
44, 2, 34, 35, 3
44, 2, 37, 36, 3
44, 2, 37, 38, 3
45, 9, 0, 1, 2
45, 9, 0, 1, 3
45, 9, 0, 3, 2
45, 9, 0, 3, 3
45, 9, 0, 3, 3
45, 9, 0, 3, 3
45, 9, 0, 3, 3
45, 9, 0, 3, 3
45, 9, 0, 3, 3
45, 4, 1, 0, 2
45, 4, 1, 2, 2
45, 4, 1, 4, 2
45, 4, 1, 4, 3
45, 4, 2, 1, 2
45, 4, 2, 1, 3
45, 4, 2, 5, 2
45, 4, 2, 5, 3
45, 10, 3, 0, 2
45, 10, 3, 4, 2
45, 10, 3, 4, 3
45, 10, 3, 9, 2
45, 10, 3, 9, 3
45, 10, 3, 9, 3
45, 10, 3, 9, 3
45, 10, 3, 9, 3
45, 10, 3, 9, 3
45, 10, 3, 9, 3
45, 4, 4, 1, 2
45, 4, 4, 3, 2
45, 4, 4, 5, 2
45, 4, 4, 10, 2
45, 5, 5, 2, 2
45, 5, 5, 4, 2
45, 5, 5, 4, 3
45, 5, 5, 11, 2
45, 5, 5, 11, 3
45, 8, 6, 7, 2
45, 8, 6, 7, 3
45, 8, 6, 7, 3
45, 8, 6, 7, 3
45, 8, 6, 7, 3
45, 8, 6, 7, 3
45, 8, 6, 7, 3
45, 8, 6, 12, 2
45, 9, 7, 6, 2
45, 9, 7, 8, 2
45, 9, 7, 13, 2
45, 9, 7, 13, 3
45, 9, 7, 13, 3
45, 9, 7, 13, 3
45, 9, 7, 13, 3
45, 9, 7, 13, 3
45, 9, 7, 13, 3
45, 8, 8, 7, 2
45, 8, 8, 7, 3
45, 8, 8, 7, 3
45, 8, 8, 7, 3
45, 8, 8, 7, 3
45, 8, 8, 7, 3
45, 8, 8, 7, 3
45, 8, 8, 14, 2
45, 16, 9, 3, 2
45, 16, 9, 3, 3
45, 16, 9, 3, 3
45, 16, 9, 3, 3
45, 16, 9, 3, 3
45, 16, 9, 3, 3
45, 16, 9, 3, 3
45, 16, 9, 10, 2
45, 16, 9, 10, 3
45, 16, 9, 16, 2
45, 16, 9, 16, 3
45, 16, 9, 16, 3
45, 16, 9, 16, 3
45, 16, 9, 16, 3
45, 16, 9, 16, 3
45, 16, 9, 16, 3
45, 4, 10, 4, 2
45, 4, 10, 4, 3
45, 4, 10, 9, 2
45, 4, 10, 11, 2
45, 5, 11, 5, 2
45, 5, 11, 5, 3
45, 5, 11, 10, 2
45, 5, 11, 10, 3
45, 5, 11, 17, 2
45, 8, 12, 6, 2
45, 8, 12, 13, 2
45, 8, 12, 13, 3
45, 8, 12, 13, 3
45, 8, 12, 13, 3
45, 8, 12, 13, 3
45, 8, 12, 13, 3
45, 8, 12, 13, 3
45, 16, 13, 7, 2
45, 16, 13, 12, 2
45, 16, 13, 14, 2
45, 16, 13, 14, 3
45, 16, 13, 14, 3
45, 16, 13, 14, 3
45, 16, 13, 14, 3
45, 16, 13, 14, 3
45, 16, 13, 14, 3
45, 16, 13, 18, 2
45, 16, 13, 18, 3
45, 16, 13, 18, 3
45, 16, 13, 18, 3
45, 16, 13, 18, 3
45, 16, 13, 18, 3
45, 16, 13, 18, 3
45, 15, 14, 8, 2
45, 15, 14, 13, 2
45, 15, 14, 13, 3
45, 15, 14, 13, 3
45, 15, 14, 13, 3
45, 15, 14, 13, 3
45, 15, 14, 13, 3
45, 15, 14, 13, 3
45, 15, 14, 15, 2
45, 15, 14, 15, 3
45, 15, 14, 15, 3
45, 15, 14, 15, 3
45, 15, 14, 15, 3
45, 15, 14, 15, 3
45, 15, 14, 15, 3
45, 8, 15, 14, 2
45, 8, 15, 14, 3
45, 8, 15, 14, 3
45, 8, 15, 14, 3
45, 8, 15, 14, 3
45, 8, 15, 14, 3
45, 8, 15, 14, 3
45, 8, 15, 16, 2
45, 21, 16, 9, 2
45, 21, 16, 9, 3
45, 21, 16, 9, 3
45, 21, 16, 9, 3
45, 21, 16, 9, 3
45, 21, 16, 9, 3
45, 21, 16, 9, 3
45, 21, 16, 15, 2
45, 21, 16, 15, 3
45, 21, 16, 15, 3
45, 21, 16, 15, 3
45, 21, 16, 15, 3
45, 21, 16, 15, 3
45, 21, 16, 15, 3
45, 21, 16, 19, 2
45, 21, 16, 19, 3
45, 21, 16, 19, 3
45, 21, 16, 19, 3
45, 21, 16, 19, 3
45, 21, 16, 19, 3
45, 21, 16, 19, 3
45, 2, 17, 11, 2
45, 2, 17, 11, 3
45, 14, 18, 13, 2
45, 14, 18, 13, 3
45, 14, 18, 13, 3
45, 14, 18, 13, 3
45, 14, 18, 13, 3
45, 14, 18, 13, 3
45, 14, 18, 13, 3
45, 14, 18, 21, 2
45, 14, 18, 21, 3
45, 14, 18, 21, 3
45, 14, 18, 21, 3
45, 14, 18, 21, 3
45, 14, 18, 21, 3
45, 14, 18, 21, 3
45, 14, 19, 16, 2
45, 14, 19, 16, 3
45, 14, 19, 16, 3
45, 14, 19, 16, 3
45, 14, 19, 16, 3
45, 14, 19, 16, 3
45, 14, 19, 16, 3
45, 14, 19, 23, 2
45, 14, 19, 23, 3
45, 14, 19, 23, 3
45, 14, 19, 23, 3
45, 14, 19, 23, 3
45, 14, 19, 23, 3
45, 14, 19, 23, 3
45, 14, 20, 21, 2
45, 14, 20, 21, 3
45, 14, 20, 21, 3
45, 14, 20, 21, 3
45, 14, 20, 21, 3
45, 14, 20, 21, 3
45, 14, 20, 21, 3
45, 14, 20, 26, 2
45, 14, 20, 26, 3
45, 14, 20, 26, 3
45, 14, 20, 26, 3
45, 14, 20, 26, 3
45, 14, 20, 26, 3
45, 14, 20, 26, 3
45, 16, 21, 18, 2
45, 16, 21, 18, 3
45, 16, 21, 18, 3
45, 16, 21, 18, 3
45, 16, 21, 18, 3
45, 16, 21, 18, 3
45, 16, 21, 18, 3
45, 16, 21, 20, 2
45, 16, 21, 22, 2
45, 16, 21, 27, 2
45, 16, 21, 27, 3
45, 16, 21, 27, 3
45, 16, 21, 27, 3
45, 16, 21, 27, 3
45, 16, 21, 27, 3
45, 16, 21, 27, 3
45, 14, 22, 21, 2
45, 14, 22, 21, 3
45, 14, 22, 21, 3
45, 14, 22, 21, 3
45, 14, 22, 21, 3
45, 14, 22, 21, 3
45, 14, 22, 21, 3
45, 14, 22, 28, 2
45, 14, 22, 28, 3
45, 14, 22, 28, 3
45, 14, 22, 28, 3
45, 14, 22, 28, 3
45, 14, 22, 28, 3
45, 14, 22, 28, 3
45, 21, 23, 19, 2
45, 21, 23, 19, 3
45, 21, 23, 19, 3
45, 21, 23, 19, 3
45, 21, 23, 19, 3
45, 21, 23, 19, 3
45, 21, 23, 19, 3
45, 21, 23, 24, 2
45, 21, 23, 24, 3
45, 21, 23, 24, 3
45, 21, 23, 24, 3
45, 21, 23, 24, 3
45, 21, 23, 24, 3
45, 21, 23, 24, 3
45, 21, 23, 30, 2
45, 21, 23, 30, 3
45, 21, 23, 30, 3
45, 21, 23, 30, 3
45, 21, 23, 30, 3
45, 21, 23, 30, 3
45, 21, 23, 30, 3
45, 9, 24, 23, 2
45, 9, 24, 25, 2
45, 9, 24, 31, 2
45, 9, 24, 31, 3
45, 9, 24, 31, 3
45, 9, 24, 31, 3
45, 9, 24, 31, 3
45, 9, 24, 31, 3
45, 9, 24, 31, 3
45, 14, 25, 24, 2
45, 14, 25, 24, 3
45, 14, 25, 24, 3
45, 14, 25, 24, 3
45, 14, 25, 24, 3
45, 14, 25, 24, 3
45, 14, 25, 24, 3
45, 14, 25, 32, 2
45, 14, 25, 32, 3
45, 14, 25, 32, 3
45, 14, 25, 32, 3
45, 14, 25, 32, 3
45, 14, 25, 32, 3
45, 14, 25, 32, 3
45, 9, 26, 20, 2
45, 9, 26, 27, 2
45, 9, 26, 27, 3
45, 9, 26, 27, 3
45, 9, 26, 27, 3
45, 9, 26, 27, 3
45, 9, 26, 27, 3
45, 9, 26, 27, 3
45, 9, 26, 33, 2
45, 16, 27, 21, 2
45, 16, 27, 21, 3
45, 16, 27, 21, 3
45, 16, 27, 21, 3
45, 16, 27, 21, 3
45, 16, 27, 21, 3
45, 16, 27, 21, 3
45, 16, 27, 26, 2
45, 16, 27, 28, 2
45, 16, 27, 28, 3
45, 16, 27, 28, 3
45, 16, 27, 28, 3
45, 16, 27, 28, 3
45, 16, 27, 28, 3
45, 16, 27, 28, 3
45, 16, 27, 34, 2
45, 16, 28, 22, 2
45, 16, 28, 27, 2
45, 16, 28, 27, 3
45, 16, 28, 27, 3
45, 16, 28, 27, 3
45, 16, 28, 27, 3
45, 16, 28, 27, 3
45, 16, 28, 27, 3
45, 16, 28, 29, 2
45, 16, 28, 29, 3
45, 16, 28, 29, 3
45, 16, 28, 29, 3
45, 16, 28, 29, 3
45, 16, 28, 29, 3
45, 16, 28, 29, 3
45, 16, 28, 35, 2
45, 14, 29, 28, 2
45, 14, 29, 28, 3
45, 14, 29, 28, 3
45, 14, 29, 28, 3
45, 14, 29, 28, 3
45, 14, 29, 28, 3
45, 14, 29, 28, 3
45, 14, 29, 30, 2
45, 14, 29, 30, 3
45, 14, 29, 30, 3
45, 14, 29, 30, 3
45, 14, 29, 30, 3
45, 14, 29, 30, 3
45, 14, 29, 30, 3
45, 22, 30, 23, 2
45, 22, 30, 23, 3
45, 22, 30, 23, 3
45, 22, 30, 23, 3
45, 22, 30, 23, 3
45, 22, 30, 23, 3
45, 22, 30, 23, 3
45, 22, 30, 29, 2
45, 22, 30, 29, 3
45, 22, 30, 29, 3
45, 22, 30, 29, 3
45, 22, 30, 29, 3
45, 22, 30, 29, 3
45, 22, 30, 29, 3
45, 22, 30, 31, 2
45, 22, 30, 31, 3
45, 22, 30, 31, 3
45, 22, 30, 31, 3
45, 22, 30, 31, 3
45, 22, 30, 31, 3
45, 22, 30, 31, 3
45, 22, 30, 36, 2
45, 10, 31, 24, 2
45, 10, 31, 30, 2
45, 10, 31, 30, 3
45, 10, 31, 30, 3
45, 10, 31, 30, 3
45, 10, 31, 30, 3
45, 10, 31, 30, 3
45, 10, 31, 30, 3
45, 10, 31, 32, 2
45, 10, 31, 37, 2
45, 9, 32, 25, 2
45, 9, 32, 31, 2
45, 9, 32, 31, 3
45, 9, 32, 31, 3
45, 9, 32, 31, 3
45, 9, 32, 31, 3
45, 9, 32, 31, 3
45, 9, 32, 31, 3
45, 9, 32, 38, 2
45, 14, 33, 26, 2
45, 14, 33, 26, 3
45, 14, 33, 26, 3
45, 14, 33, 26, 3
45, 14, 33, 26, 3
45, 14, 33, 26, 3
45, 14, 33, 26, 3
45, 14, 33, 34, 2
45, 14, 33, 34, 3
45, 14, 33, 34, 3
45, 14, 33, 34, 3
45, 14, 33, 34, 3
45, 14, 33, 34, 3
45, 14, 33, 34, 3
45, 9, 34, 27, 2
45, 9, 34, 27, 3
45, 9, 34, 27, 3
45, 9, 34, 27, 3
45, 9, 34, 27, 3
45, 9, 34, 27, 3
45, 9, 34, 27, 3
45, 9, 34, 33, 2
45, 9, 34, 35, 2
45, 14, 35, 28, 2
45, 14, 35, 28, 3
45, 14, 35, 28, 3
45, 14, 35, 28, 3
45, 14, 35, 28, 3
45, 14, 35, 28, 3
45, 14, 35, 28, 3
45, 14, 35, 34, 2
45, 14, 35, 34, 3
45, 14, 35, 34, 3
45, 14, 35, 34, 3
45, 14, 35, 34, 3
45, 14, 35, 34, 3
45, 14, 35, 34, 3
45, 14, 36, 30, 2
45, 14, 36, 30, 3
45, 14, 36, 30, 3
45, 14, 36, 30, 3
45, 14, 36, 30, 3
45, 14, 36, 30, 3
45, 14, 36, 30, 3
45, 14, 36, 37, 2
45, 14, 36, 37, 3
45, 14, 36, 37, 3
45, 14, 36, 37, 3
45, 14, 36, 37, 3
45, 14, 36, 37, 3
45, 14, 36, 37, 3
45, 9, 37, 31, 2
45, 9, 37, 31, 3
45, 9, 37, 31, 3
45, 9, 37, 31, 3
45, 9, 37, 31, 3
45, 9, 37, 31, 3
45, 9, 37, 31, 3
45, 9, 37, 36, 2
45, 9, 37, 38, 2
45, 14, 38, 32, 2
45, 14, 38, 32, 3
45, 14, 38, 32, 3
45, 14, 38, 32, 3
45, 14, 38, 32, 3
45, 14, 38, 32, 3
45, 14, 38, 32, 3
45, 14, 38, 37, 2
45, 14, 38, 37, 3
45, 14, 38, 37, 3
45, 14, 38, 37, 3
45, 14, 38, 37, 3
45, 14, 38, 37, 3
45, 14, 38, 37, 3
46, 44, 0, 1, 4
46, 44, 0, 1, 4
46, 44, 0, 1, 4
46, 44, 0, 1, 4
46, 44, 0, 1, 4
46, 44, 0, 1, 4
46, 44, 0, 1, 4
46, 44, 0, 1, 4
46, 44, 0, 1, 4
46, 44, 0, 1, 4
46, 44, 0, 1, 4
46, 44, 0, 1, 4
46, 44, 0, 1, 4
46, 44, 0, 1, 4
46, 44, 0, 1, 4
46, 44, 0, 1, 4
46, 44, 0, 1, 4
46, 44, 0, 1, 4
46, 44, 0, 1, 4
46, 44, 0, 1, 4
46, 44, 0, 1, 4
46, 44, 0, 1, 4
46, 44, 0, 1, 4
46, 44, 0, 1, 4
46, 44, 0, 1, 4
46, 44, 0, 1, 4
46, 44, 0, 1, 4
46, 44, 0, 1, 4
46, 44, 0, 1, 4
46, 44, 0, 1, 4
46, 44, 0, 1, 4
46, 44, 0, 1, 4
46, 44, 0, 1, 4
46, 44, 0, 1, 4
46, 44, 0, 1, 4
46, 44, 0, 1, 4
46, 44, 0, 1, 4
46, 44, 0, 1, 4
46, 44, 0, 1, 4
46, 44, 0, 1, 4
46, 44, 0, 1, 4
46, 44, 0, 1, 4
46, 44, 0, 1, 4
46, 44, 0, 1, 4
46, 10, 1, 0, 4
46, 10, 1, 0, 4
46, 10, 1, 0, 4
46, 10, 1, 0, 4
46, 10, 1, 0, 4
46, 10, 1, 0, 4
46, 10, 1, 0, 4
46, 10, 1, 0, 4
46, 10, 1, 0, 4
46, 10, 1, 0, 4
47, 56, 0, 1, 4
47, 56, 0, 1, 4
47, 56, 0, 1, 4
47, 56, 0, 1, 4
47, 56, 0, 1, 4
47, 56, 0, 1, 4
47, 56, 0, 1, 4
47, 56, 0, 1, 4
47, 56, 0, 1, 4
47, 56, 0, 1, 4
47, 56, 0, 1, 4
47, 56, 0, 1, 4
47, 56, 0, 1, 4
47, 56, 0, 1, 4
47, 56, 0, 1, 4
47, 56, 0, 1, 4
47, 56, 0, 1, 4
47, 56, 0, 1, 4
47, 56, 0, 1, 4
47, 56, 0, 1, 4
47, 56, 0, 1, 4
47, 56, 0, 1, 4
47, 56, 0, 1, 4
47, 56, 0, 1, 4
47, 56, 0, 1, 4
47, 56, 0, 1, 4
47, 56, 0, 1, 4
47, 56, 0, 1, 4
47, 56, 0, 1, 4
47, 56, 0, 1, 4
47, 56, 0, 1, 4
47, 56, 0, 1, 4
47, 56, 0, 1, 4
47, 56, 0, 1, 4
47, 56, 0, 1, 4
47, 56, 0, 1, 4
47, 56, 0, 1, 4
47, 56, 0, 1, 4
47, 56, 0, 1, 4
47, 56, 0, 1, 4
47, 56, 0, 1, 4
47, 56, 0, 1, 4
47, 56, 0, 1, 4
47, 56, 0, 1, 4
47, 56, 0, 1, 4
47, 56, 0, 1, 4
47, 56, 0, 1, 4
47, 56, 0, 1, 4
47, 56, 0, 1, 4
47, 56, 0, 1, 4
47, 56, 0, 1, 4
47, 56, 0, 1, 4
47, 56, 0, 1, 4
47, 56, 0, 1, 4
47, 56, 0, 1, 4
47, 56, 0, 1, 4
47, 10, 1, 0, 4
47, 10, 1, 0, 4
47, 10, 1, 0, 4
47, 10, 1, 0, 4
47, 10, 1, 0, 4
47, 10, 1, 0, 4
47, 10, 1, 0, 4
47, 10, 1, 0, 4
47, 10, 1, 0, 4
47, 10, 1, 0, 4
48, 44, 0, 1, 4
48, 44, 0, 1, 4
48, 44, 0, 1, 4
48, 44, 0, 1, 4
48, 44, 0, 1, 4
48, 44, 0, 1, 4
48, 44, 0, 1, 4
48, 44, 0, 1, 4
48, 44, 0, 1, 4
48, 44, 0, 1, 4
48, 44, 0, 1, 4
48, 44, 0, 1, 4
48, 44, 0, 1, 4
48, 44, 0, 1, 4
48, 44, 0, 1, 4
48, 44, 0, 1, 4
48, 44, 0, 1, 4
48, 44, 0, 1, 4
48, 44, 0, 1, 4
48, 44, 0, 1, 4
48, 44, 0, 1, 4
48, 44, 0, 1, 4
48, 44, 0, 1, 4
48, 44, 0, 1, 4
48, 44, 0, 1, 4
48, 44, 0, 1, 4
48, 44, 0, 1, 4
48, 44, 0, 1, 4
48, 44, 0, 1, 4
48, 44, 0, 1, 4
48, 44, 0, 1, 4
48, 44, 0, 1, 4
48, 44, 0, 1, 4
48, 44, 0, 1, 4
48, 44, 0, 1, 4
48, 44, 0, 1, 4
48, 44, 0, 1, 4
48, 44, 0, 1, 4
48, 44, 0, 1, 4
48, 44, 0, 1, 4
48, 44, 0, 1, 4
48, 44, 0, 1, 4
48, 44, 0, 1, 4
48, 44, 0, 1, 4
48, 10, 1, 0, 4
48, 10, 1, 0, 4
48, 10, 1, 0, 4
48, 10, 1, 0, 4
48, 10, 1, 0, 4
48, 10, 1, 0, 4
48, 10, 1, 0, 4
48, 10, 1, 0, 4
48, 10, 1, 0, 4
48, 10, 1, 0, 4
49, 44, 0, 1, 4
49, 44, 0, 1, 4
49, 44, 0, 1, 4
49, 44, 0, 1, 4
49, 44, 0, 1, 4
49, 44, 0, 1, 4
49, 44, 0, 1, 4
49, 44, 0, 1, 4
49, 44, 0, 1, 4
49, 44, 0, 1, 4
49, 44, 0, 1, 4
49, 44, 0, 1, 4
49, 44, 0, 1, 4
49, 44, 0, 1, 4
49, 44, 0, 1, 4
49, 44, 0, 1, 4
49, 44, 0, 1, 4
49, 44, 0, 1, 4
49, 44, 0, 1, 4
49, 44, 0, 1, 4
49, 44, 0, 1, 4
49, 44, 0, 1, 4
49, 44, 0, 1, 4
49, 44, 0, 1, 4
49, 44, 0, 1, 4
49, 44, 0, 1, 4
49, 44, 0, 1, 4
49, 44, 0, 1, 4
49, 44, 0, 1, 4
49, 44, 0, 1, 4
49, 44, 0, 1, 4
49, 44, 0, 1, 4
49, 44, 0, 1, 4
49, 44, 0, 1, 4
49, 44, 0, 1, 4
49, 44, 0, 1, 4
49, 44, 0, 1, 4
49, 44, 0, 1, 4
49, 44, 0, 1, 4
49, 44, 0, 1, 4
49, 44, 0, 1, 4
49, 44, 0, 1, 4
49, 44, 0, 1, 4
49, 44, 0, 1, 4
49, 10, 1, 0, 4
49, 10, 1, 0, 4
49, 10, 1, 0, 4
49, 10, 1, 0, 4
49, 10, 1, 0, 4
49, 10, 1, 0, 4
49, 10, 1, 0, 4
49, 10, 1, 0, 4
49, 10, 1, 0, 4
49, 10, 1, 0, 4
50, 44, 0, 1, 4
50, 44, 0, 1, 4
50, 44, 0, 1, 4
50, 44, 0, 1, 4
50, 44, 0, 1, 4
50, 44, 0, 1, 4
50, 44, 0, 1, 4
50, 44, 0, 1, 4
50, 44, 0, 1, 4
50, 44, 0, 1, 4
50, 44, 0, 1, 4
50, 44, 0, 1, 4
50, 44, 0, 1, 4
50, 44, 0, 1, 4
50, 44, 0, 1, 4
50, 44, 0, 1, 4
50, 44, 0, 1, 4
50, 44, 0, 1, 4
50, 44, 0, 1, 4
50, 44, 0, 1, 4
50, 44, 0, 1, 4
50, 44, 0, 1, 4
50, 44, 0, 1, 4
50, 44, 0, 1, 4
50, 44, 0, 1, 4
50, 44, 0, 1, 4
50, 44, 0, 1, 4
50, 44, 0, 1, 4
50, 44, 0, 1, 4
50, 44, 0, 1, 4
50, 44, 0, 1, 4
50, 44, 0, 1, 4
50, 44, 0, 1, 4
50, 44, 0, 1, 4
50, 44, 0, 1, 4
50, 44, 0, 1, 4
50, 44, 0, 1, 4
50, 44, 0, 1, 4
50, 44, 0, 1, 4
50, 44, 0, 1, 4
50, 44, 0, 1, 4
50, 44, 0, 1, 4
50, 44, 0, 1, 4
50, 44, 0, 1, 4
50, 10, 1, 0, 4
50, 10, 1, 0, 4
50, 10, 1, 0, 4
50, 10, 1, 0, 4
50, 10, 1, 0, 4
50, 10, 1, 0, 4
50, 10, 1, 0, 4
50, 10, 1, 0, 4
50, 10, 1, 0, 4
50, 10, 1, 0, 4
51, 44, 0, 1, 4
51, 44, 0, 1, 4
51, 44, 0, 1, 4
51, 44, 0, 1, 4
51, 44, 0, 1, 4
51, 44, 0, 1, 4
51, 44, 0, 1, 4
51, 44, 0, 1, 4
51, 44, 0, 1, 4
51, 44, 0, 1, 4
51, 44, 0, 1, 4
51, 44, 0, 1, 4
51, 44, 0, 1, 4
51, 44, 0, 1, 4
51, 44, 0, 1, 4
51, 44, 0, 1, 4
51, 44, 0, 1, 4
51, 44, 0, 1, 4
51, 44, 0, 1, 4
51, 44, 0, 1, 4
51, 44, 0, 1, 4
51, 44, 0, 1, 4
51, 44, 0, 1, 4
51, 44, 0, 1, 4
51, 44, 0, 1, 4
51, 44, 0, 1, 4
51, 44, 0, 1, 4
51, 44, 0, 1, 4
51, 44, 0, 1, 4
51, 44, 0, 1, 4
51, 44, 0, 1, 4
51, 44, 0, 1, 4
51, 44, 0, 1, 4
51, 44, 0, 1, 4
51, 44, 0, 1, 4
51, 44, 0, 1, 4
51, 44, 0, 1, 4
51, 44, 0, 1, 4
51, 44, 0, 1, 4
51, 44, 0, 1, 4
51, 44, 0, 1, 4
51, 44, 0, 1, 4
51, 44, 0, 1, 4
51, 44, 0, 1, 4
51, 10, 1, 0, 4
51, 10, 1, 0, 4
51, 10, 1, 0, 4
51, 10, 1, 0, 4
51, 10, 1, 0, 4
51, 10, 1, 0, 4
51, 10, 1, 0, 4
51, 10, 1, 0, 4
51, 10, 1, 0, 4
51, 10, 1, 0, 4
Goal
46
47
48
49
50
51
