CG
11
0, 2, 9, 5
0, 2, 5, 5
1, 2, 10, 5
1, 2, 5, 5
2, 2, 10, 5
2, 2, 5, 5
3, 2, 7, 5
3, 2, 5, 5
4, 4, 9, 5
4, 4, 6, 5
4, 4, 8, 5
4, 4, 5, 15
5, 5, 9, 10
5, 5, 6, 10
5, 5, 10, 10
5, 5, 7, 10
5, 5, 8, 10
6, 2, 4, 1
6, 2, 5, 10
7, 2, 3, 1
7, 2, 5, 10
8, 2, 4, 1
8, 2, 5, 10
9, 3, 4, 1
9, 3, 0, 1
9, 3, 5, 10
10, 3, 1, 1
10, 3, 2, 1
10, 3, 5, 10
DTG
0, 1, 1, 0, 2
1, 1, 1, 0, 2
2, 1, 1, 0, 2
3, 1, 1, 0, 2
4, 1, 1, 0, 4
5, 6, 0, 1, 1
5, 6, 0, 1, 3
5, 6, 0, 1, 3
5, 6, 0, 1, 3
5, 6, 0, 1, 4
5, 6, 0, 1, 4
5, 11, 1, 0, 2
5, 11, 1, 0, 2
5, 11, 1, 0, 2
5, 11, 1, 0, 2
5, 11, 1, 0, 2
5, 11, 1, 2, 1
5, 11, 1, 2, 3
5, 11, 1, 2, 3
5, 11, 1, 2, 3
5, 11, 1, 2, 4
5, 11, 1, 2, 4
5, 11, 2, 1, 2
5, 11, 2, 1, 2
5, 11, 2, 1, 2
5, 11, 2, 1, 2
5, 11, 2, 1, 2
5, 11, 2, 3, 1
5, 11, 2, 3, 3
5, 11, 2, 3, 3
5, 11, 2, 3, 3
5, 11, 2, 3, 4
5, 11, 2, 3, 4
5, 11, 3, 2, 2
5, 11, 3, 2, 2
5, 11, 3, 2, 2
5, 11, 3, 2, 2
5, 11, 3, 2, 2
5, 11, 3, 4, 1
5, 11, 3, 4, 3
5, 11, 3, 4, 3
5, 11, 3, 4, 3
5, 11, 3, 4, 4
5, 11, 3, 4, 4
5, 11, 4, 3, 2
5, 11, 4, 3, 2
5, 11, 4, 3, 2
5, 11, 4, 3, 2
5, 11, 4, 3, 2
5, 11, 4, 5, 1
5, 11, 4, 5, 3
5, 11, 4, 5, 3
5, 11, 4, 5, 3
5, 11, 4, 5, 4
5, 11, 4, 5, 4
5, 5, 5, 4, 2
5, 5, 5, 4, 2
5, 5, 5, 4, 2
5, 5, 5, 4, 2
5, 5, 5, 4, 2
6, 5, 1, 0, 3
6, 5, 1, 0, 3
6, 5, 1, 0, 3
6, 5, 1, 0, 3
6, 5, 1, 0, 3
6, 5, 2, 1, 2
6, 5, 2, 1, 2
6, 5, 2, 1, 2
6, 5, 2, 1, 2
6, 5, 2, 1, 2
7, 5, 1, 0, 3
7, 5, 1, 0, 3
7, 5, 1, 0, 3
7, 5, 1, 0, 3
7, 5, 1, 0, 3
7, 5, 2, 1, 2
7, 5, 2, 1, 2
7, 5, 2, 1, 2
7, 5, 2, 1, 2
7, 5, 2, 1, 2
8, 5, 1, 0, 3
8, 5, 1, 0, 3
8, 5, 1, 0, 3
8, 5, 1, 0, 3
8, 5, 1, 0, 3
8, 5, 2, 1, 2
8, 5, 2, 1, 2
8, 5, 2, 1, 2
8, 5, 2, 1, 2
8, 5, 2, 1, 2
9, 5, 1, 0, 4
9, 5, 1, 0, 4
9, 5, 1, 0, 4
9, 5, 1, 0, 4
9, 5, 1, 0, 4
9, 5, 2, 1, 2
9, 5, 2, 1, 2
9, 5, 2, 1, 2
9, 5, 2, 1, 2
9, 5, 2, 1, 2
10, 5, 1, 0, 4
10, 5, 1, 0, 4
10, 5, 1, 0, 4
10, 5, 1, 0, 4
10, 5, 1, 0, 4
10, 5, 2, 1, 2
10, 5, 2, 1, 2
10, 5, 2, 1, 2
10, 5, 2, 1, 2
10, 5, 2, 1, 2
Goal
6
7
8
9
10
