CG
21
0, 13, 13, 1
0, 13, 12, 1
0, 13, 11, 1
0, 13, 10, 1
0, 13, 9, 1
0, 13, 8, 1
0, 13, 7, 1
0, 13, 6, 1
0, 13, 5, 1
0, 13, 4, 1
0, 13, 3, 1
0, 13, 2, 1
0, 13, 1, 1
1, 1, 16, 2
2, 1, 16, 1
3, 1, 16, 1
4, 1, 16, 2
4, 1, -1, 1
5, 2, 16, 2
5, 2, 19, 1
6, 1, 16, 1
7, 1, 16, 3
8, 4, -1, 1
8, 4, 20, 1
8, 4, 16, 2
8, 4, 17, 1
8, 4, 15, 1
9, 2, 16, 1
9, 2, 18, 1
10, 1, 16, 2
11, 6, -1, 2
11, 6, 20, 2
11, 6, 16, 4
11, 6, 17, 2
11, 6, 15, 2
11, 6, 14, 2
11, 6, 18, 2
12, 2, 16, 1
12, 2, 18, 1
13, 1, 16, 2
14, 3, -1, 3
14, 3, 16, 3
14, 3, 17, 3
14, 3, 18, 1
15, 4, 20, 3
15, 4, 16, 3
15, 4, 14, 1
15, 4, 18, 1
16, 6, -1, 3
16, 6, 20, 3
16, 6, 17, 3
16, 6, 15, 3
16, 6, 14, 2
16, 6, 18, 4
16, 6, 19, 1
16, 6, -1, 1
17, 3, -1, 3
17, 3, 16, 3
17, 3, 14, 1
17, 3, 18, 1
18, 4, 20, 3
18, 4, 16, 3
18, 4, 15, 3
18, 4, 14, 1
DTG
0, 1, 0, 1, 1
1, 1, 1, 0, 2
2, 1, 1, 0, 2
3, 1, 1, 0, 2
4, 1, 1, 0, 2
5, 1, 1, 0, 2
6, 1, 1, 0, 2
7, 1, 1, 0, 2
8, 1, 1, 0, 2
9, 1, 1, 0, 2
10, 1, 1, 0, 2
11, 1, 1, 0, 2
12, 1, 1, 0, 2
13, 1, 1, 0, 2
14, 1, 0, 1, 4
14, 1, 1, 0, 5
15, 2, 0, 1, 4
15, 2, 0, 1, 4
16, 1, 0, 1, 2
16, 2, 1, 2, 4
16, 2, 1, 2, 4
16, 1, 2, 9, 2
16, 1, 3, 5, 2
16, 1, 4, 10, 2
16, 2, 5, 6, 4
16, 2, 5, 6, 4
16, 1, 6, 4, 2
16, 1, 7, 3, 2
16, 1, 8, 15, 2
16, 1, 9, 13, 2
16, 2, 10, 11, 2
16, 2, 10, 17, 2
16, 2, 11, 12, 2
16, 2, 11, 17, 2
16, 1, 13, 14, 2
16, 2, 14, 3, 2
16, 2, 14, 8, 2
16, 1, 15, 10, 2
16, 2, 16, 0, 2
16, 2, 16, 7, 2
17, 2, 0, 1, 4
17, 2, 0, 1, 4
18, 1, 0, 1, 4
18, 3, 1, 0, 3
18, 3, 1, 0, 3
18, 3, 1, 0, 5
19, 1, 1, 0, 3
20, 2, 1, 0, 5
20, 2, 1, 0, 5
Goal
17
18
19
20
