CG
27
0, 2, 23, 1
0, 2, 16, 3
1, 1, -1, 1
1, 1, 16, 3
2, 2, 21, 1
2, 2, 16, 3
3, 2, 20, 1
3, 2, 16, 3
4, 1, -1, 1
4, 1, 16, 3
5, 1, -1, 1
5, 1, 16, 3
6, 1, -1, 1
6, 1, 16, 3
7, 1, -1, 1
7, 1, 16, 3
8, 1, -1, 1
8, 1, 16, 3
9, 1, -1, 1
9, 1, 16, 3
10, 2, 17, 1
10, 2, 16, 3
11, 2, 18, 1
11, 2, 16, 3
12, 1, -1, 1
12, 1, 16, 3
13, 2, 22, 1
13, 2, 16, 3
14, 1, -1, 1
14, 1, 16, 3
15, 1, -1, 1
15, 1, 16, 3
16, 16, 0, 3
16, 16, 1, 3
16, 16, 2, 3
16, 16, 3, 3
16, 16, 4, 3
16, 16, 5, 3
16, 16, 6, 3
16, 16, 7, 3
16, 16, 8, 3
16, 16, 9, 3
16, 16, 10, 3
16, 16, 11, 3
16, 16, 12, 3
16, 16, 13, 3
16, 16, 14, 3
16, 16, 15, 3
17, 2, 18, 1
17, 2, 19, 1
18, 2, 17, 1
18, 2, 19, 1
19, 1, 26, 1
20, 2, -1, 1
20, 2, -1, 1
20, 2, 24, 1
20, 2, 22, 1
21, 2, -1, 1
21, 2, -1, 1
21, 2, 24, 1
21, 2, 22, 1
22, 2, 23, 1
22, 2, 24, 2
22, 2, -1, 1
23, 3, 24, 1
23, 3, 25, 1
23, 3, 22, 1
23, 3, -1, 1
24, 2, 23, 1
24, 2, 25, 1
25, 1, 26, 1
DTG
0, 3, 1, 0, 2
0, 3, 1, 0, 2
0, 3, 1, 0, 2
1, 3, 1, 0, 2
1, 3, 1, 0, 2
1, 3, 1, 0, 2
2, 3, 1, 0, 2
2, 3, 1, 0, 2
2, 3, 1, 0, 2
3, 3, 1, 0, 2
3, 3, 1, 0, 2
3, 3, 1, 0, 2
4, 3, 1, 0, 2
4, 3, 1, 0, 2
4, 3, 1, 0, 2
5, 3, 1, 0, 2
5, 3, 1, 0, 2
5, 3, 1, 0, 2
6, 3, 1, 0, 2
6, 3, 1, 0, 2
6, 3, 1, 0, 2
7, 3, 1, 0, 2
7, 3, 1, 0, 2
7, 3, 1, 0, 2
8, 3, 1, 0, 2
8, 3, 1, 0, 2
8, 3, 1, 0, 2
9, 3, 1, 0, 2
9, 3, 1, 0, 2
9, 3, 1, 0, 2
10, 3, 1, 0, 2
10, 3, 1, 0, 2
10, 3, 1, 0, 2
11, 3, 1, 0, 2
11, 3, 1, 0, 2
11, 3, 1, 0, 2
12, 3, 1, 0, 2
12, 3, 1, 0, 2
12, 3, 1, 0, 2
13, 3, 1, 0, 2
13, 3, 1, 0, 2
13, 3, 1, 0, 2
14, 3, 1, 0, 2
14, 3, 1, 0, 2
14, 3, 1, 0, 2
15, 3, 1, 0, 2
15, 3, 1, 0, 2
15, 3, 1, 0, 2
16, 16, 0, 1, 2
16, 16, 0, 1, 2
16, 16, 0, 1, 2
16, 16, 0, 1, 2
16, 16, 0, 1, 2
16, 16, 0, 1, 2
16, 16, 0, 1, 2
16, 16, 0, 1, 2
16, 16, 0, 1, 2
16, 16, 0, 1, 2
16, 16, 0, 1, 2
16, 16, 0, 1, 2
16, 16, 0, 1, 2
16, 16, 0, 1, 2
16, 16, 0, 1, 2
16, 16, 0, 1, 2
16, 16, 1, 2, 2
16, 16, 1, 2, 2
16, 16, 1, 2, 2
16, 16, 1, 2, 2
16, 16, 1, 2, 2
16, 16, 1, 2, 2
16, 16, 1, 2, 2
16, 16, 1, 2, 2
16, 16, 1, 2, 2
16, 16, 1, 2, 2
16, 16, 1, 2, 2
16, 16, 1, 2, 2
16, 16, 1, 2, 2
16, 16, 1, 2, 2
16, 16, 1, 2, 2
16, 16, 1, 2, 2
16, 16, 2, 3, 2
16, 16, 2, 3, 2
16, 16, 2, 3, 2
16, 16, 2, 3, 2
16, 16, 2, 3, 2
16, 16, 2, 3, 2
16, 16, 2, 3, 2
16, 16, 2, 3, 2
16, 16, 2, 3, 2
16, 16, 2, 3, 2
16, 16, 2, 3, 2
16, 16, 2, 3, 2
16, 16, 2, 3, 2
16, 16, 2, 3, 2
16, 16, 2, 3, 2
16, 16, 2, 3, 2
17, 1, 0, 1, 2
17, 1, 1, 0, 2
18, 1, 0, 1, 2
18, 1, 1, 0, 2
19, 1, 1, 0, 3
20, 1, 1, 0, 2
21, 1, 1, 0, 2
22, 3, 0, 1, 2
22, 3, 0, 1, 2
22, 3, 0, 1, 2
22, 1, 1, 0, 2
23, 2, 0, 1, 2
23, 2, 0, 1, 2
23, 1, 1, 0, 2
24, 1, 0, 1, 2
24, 2, 1, 0, 3
24, 2, 1, 0, 3
25, 1, 1, 0, 3
26, 2, 1, 0, 2
26, 2, 1, 0, 2
Goal
26
