CG
24
0, 3, 20, 2
0, 3, 1, 1
0, 3, 3, 1
1, 4, 20, 3
1, 4, 4, 1
1, 4, 2, 1
1, 4, 0, 1
2, 4, 20, 3
2, 4, 12, 1
2, 4, 1, 1
2, 4, 3, 1
3, 6, 20, 3
3, 6, 21, 1
3, 6, 22, 1
3, 6, 12, 1
3, 6, 2, 1
3, 6, 0, 1
4, 8, 20, 4
4, 8, 17, 1
4, 8, 21, 1
4, 8, 23, 1
4, 8, 22, 1
4, 8, 12, 1
4, 8, 16, 2
4, 8, 1, 1
5, 8, 20, 4
5, 8, 17, 1
5, 8, 21, 1
5, 8, 23, 1
5, 8, 22, 1
5, 8, 19, 2
5, 8, 7, 1
5, 8, 6, 1
6, 8, 20, 4
6, 8, 17, 1
6, 8, 21, 1
6, 8, 23, 1
6, 8, 22, 1
6, 8, 18, 2
6, 8, 8, 1
6, 8, 5, 1
7, 9, 20, 5
7, 9, 17, 1
7, 9, 21, 1
7, 9, 23, 1
7, 9, 22, 1
7, 9, 11, 2
7, 9, 19, 1
7, 9, 8, 1
7, 9, 5, 1
8, 9, 20, 5
8, 9, 17, 1
8, 9, 21, 1
8, 9, 23, 1
8, 9, 22, 1
8, 9, 15, 2
8, 9, 18, 1
8, 9, 7, 1
8, 9, 6, 1
9, 9, 20, 5
9, 9, 17, 1
9, 9, 21, 1
9, 9, 23, 1
9, 9, 22, 1
9, 9, 13, 1
9, 9, 14, 1
9, 9, 11, 1
9, 9, 19, 2
10, 9, 20, 5
10, 9, 17, 1
10, 9, 21, 1
10, 9, 23, 1
10, 9, 22, 1
10, 9, 13, 1
10, 9, 11, 1
10, 9, 15, 2
10, 9, 16, 1
11, 10, 20, 6
11, 10, 17, 1
11, 10, 21, 1
11, 10, 23, 1
11, 10, 22, 1
11, 10, 9, 1
11, 10, 10, 1
11, 10, 15, 1
11, 10, 19, 1
11, 10, 7, 2
12, 10, 20, 6
12, 10, 17, 1
12, 10, 21, 2
12, 10, 23, 1
12, 10, 22, 2
12, 10, 4, 1
12, 10, 16, 1
12, 10, 19, 2
12, 10, 2, 1
12, 10, 3, 1
13, 9, 20, 6
13, 9, 17, 2
13, 9, 21, 2
13, 9, 23, 2
13, 9, 22, 2
13, 9, 9, 1
13, 9, 14, 2
13, 9, 10, 1
13, 9, 16, 2
14, 9, 20, 6
14, 9, 17, 2
14, 9, 21, 2
14, 9, 23, 2
14, 9, 22, 2
14, 9, 13, 2
14, 9, 9, 1
14, 9, 15, 1
14, 9, 18, 2
15, 10, 20, 7
15, 10, 17, 2
15, 10, 21, 2
15, 10, 23, 2
15, 10, 22, 2
15, 10, 14, 1
15, 10, 10, 2
15, 10, 11, 1
15, 10, 18, 1
15, 10, 8, 2
16, 11, 20, 9
16, 11, 17, 3
16, 11, 21, 3
16, 11, 23, 3
16, 11, 22, 3
16, 11, 13, 2
16, 11, 10, 1
16, 11, 4, 2
16, 11, 12, 1
16, 11, 19, 1
16, 11, 18, 2
17, 17, 20, 24
17, 17, 23, 24
17, 17, 13, 4
17, 17, 9, 2
17, 17, 14, 4
17, 17, 10, 2
17, 17, 11, 2
17, 17, 15, 4
17, 17, 4, 2
17, 17, 12, 2
17, 17, 16, 6
17, 17, 19, 6
17, 17, 18, 6
17, 17, 7, 2
17, 17, 8, 2
17, 17, 5, 2
17, 17, 6, 2
18, 11, 20, 9
18, 11, 17, 3
18, 11, 21, 3
18, 11, 23, 3
18, 11, 22, 3
18, 11, 14, 2
18, 11, 15, 1
18, 11, 16, 2
18, 11, 19, 1
18, 11, 8, 1
18, 11, 6, 2
19, 12, 20, 10
19, 12, 17, 3
19, 12, 21, 3
19, 12, 23, 3
19, 12, 22, 3
19, 12, 9, 2
19, 12, 11, 1
19, 12, 12, 2
19, 12, 16, 1
19, 12, 18, 1
19, 12, 7, 1
19, 12, 5, 2
20, 23, 17, 24
20, 23, 21, 26
20, 23, 23, 24
20, 23, 22, 26
20, 23, 13, 12
20, 23, 9, 10
20, 23, 14, 12
20, 23, 10, 10
20, 23, 11, 12
20, 23, 15, 14
20, 23, 4, 8
20, 23, 12, 12
20, 23, 16, 18
20, 23, 19, 20
20, 23, 18, 18
20, 23, 1, 6
20, 23, 2, 6
20, 23, 7, 10
20, 23, 8, 10
20, 23, 0, 4
20, 23, 3, 6
20, 23, 5, 8
20, 23, 6, 8
21, 18, 20, 26
21, 18, 22, 26
21, 18, 13, 4
21, 18, 9, 2
21, 18, 14, 4
21, 18, 10, 2
21, 18, 11, 2
21, 18, 15, 4
21, 18, 4, 2
21, 18, 12, 4
21, 18, 16, 6
21, 18, 19, 6
21, 18, 18, 6
21, 18, 7, 2
21, 18, 8, 2
21, 18, 3, 2
21, 18, 5, 2
21, 18, 6, 2
DTG
0, 2, 0, 1, 2
0, 2, 0, 1, 2
0, 2, 1, 0, 3
0, 2, 1, 0, 3
1, 3, 0, 1, 2
1, 3, 0, 1, 2
1, 3, 0, 1, 2
1, 3, 1, 0, 3
1, 3, 1, 0, 3
1, 3, 1, 0, 3
2, 3, 0, 1, 2
2, 3, 0, 1, 2
2, 3, 0, 1, 2
2, 3, 1, 0, 3
2, 3, 1, 0, 3
2, 3, 1, 0, 3
3, 3, 0, 1, 2
3, 3, 0, 1, 2
3, 3, 0, 1, 3
3, 3, 1, 0, 3
3, 3, 1, 0, 3
3, 3, 1, 0, 4
4, 4, 0, 1, 2
4, 4, 0, 1, 2
4, 4, 0, 1, 3
4, 4, 0, 1, 3
4, 4, 1, 0, 3
4, 4, 1, 0, 3
4, 4, 1, 0, 4
4, 4, 1, 0, 4
5, 4, 0, 1, 2
5, 4, 0, 1, 2
5, 4, 0, 1, 3
5, 4, 0, 1, 3
5, 4, 1, 0, 3
5, 4, 1, 0, 3
5, 4, 1, 0, 4
5, 4, 1, 0, 4
6, 4, 0, 1, 2
6, 4, 0, 1, 2
6, 4, 0, 1, 3
6, 4, 0, 1, 3
6, 4, 1, 0, 3
6, 4, 1, 0, 3
6, 4, 1, 0, 4
6, 4, 1, 0, 4
7, 5, 0, 1, 2
7, 5, 0, 1, 2
7, 5, 0, 1, 2
7, 5, 0, 1, 3
7, 5, 0, 1, 3
7, 5, 1, 0, 3
7, 5, 1, 0, 3
7, 5, 1, 0, 3
7, 5, 1, 0, 4
7, 5, 1, 0, 4
8, 5, 0, 1, 2
8, 5, 0, 1, 2
8, 5, 0, 1, 2
8, 5, 0, 1, 3
8, 5, 0, 1, 3
8, 5, 1, 0, 3
8, 5, 1, 0, 3
8, 5, 1, 0, 3
8, 5, 1, 0, 4
8, 5, 1, 0, 4
9, 5, 0, 1, 2
9, 5, 0, 1, 2
9, 5, 0, 1, 2
9, 5, 0, 1, 3
9, 5, 0, 1, 3
9, 5, 1, 0, 3
9, 5, 1, 0, 3
9, 5, 1, 0, 3
9, 5, 1, 0, 4
9, 5, 1, 0, 4
10, 5, 0, 1, 2
10, 5, 0, 1, 2
10, 5, 0, 1, 2
10, 5, 0, 1, 3
10, 5, 0, 1, 3
10, 5, 1, 0, 3
10, 5, 1, 0, 3
10, 5, 1, 0, 3
10, 5, 1, 0, 4
10, 5, 1, 0, 4
11, 6, 0, 1, 2
11, 6, 0, 1, 2
11, 6, 0, 1, 2
11, 6, 0, 1, 2
11, 6, 0, 1, 3
11, 6, 0, 1, 3
11, 6, 1, 0, 3
11, 6, 1, 0, 3
11, 6, 1, 0, 3
11, 6, 1, 0, 3
11, 6, 1, 0, 4
11, 6, 1, 0, 4
12, 6, 0, 1, 2
12, 6, 0, 1, 2
12, 6, 0, 1, 2
12, 6, 0, 1, 3
12, 6, 0, 1, 3
12, 6, 0, 1, 3
12, 6, 1, 0, 3
12, 6, 1, 0, 3
12, 6, 1, 0, 3
12, 6, 1, 0, 4
12, 6, 1, 0, 4
12, 6, 1, 0, 4
13, 6, 0, 1, 2
13, 6, 0, 1, 2
13, 6, 0, 1, 3
13, 6, 0, 1, 3
13, 6, 0, 1, 3
13, 6, 0, 1, 3
13, 6, 1, 0, 3
13, 6, 1, 0, 3
13, 6, 1, 0, 4
13, 6, 1, 0, 4
13, 6, 1, 0, 4
13, 6, 1, 0, 4
14, 6, 0, 1, 2
14, 6, 0, 1, 2
14, 6, 0, 1, 3
14, 6, 0, 1, 3
14, 6, 0, 1, 3
14, 6, 0, 1, 3
14, 6, 1, 0, 3
14, 6, 1, 0, 3
14, 6, 1, 0, 4
14, 6, 1, 0, 4
14, 6, 1, 0, 4
14, 6, 1, 0, 4
15, 7, 0, 1, 2
15, 7, 0, 1, 2
15, 7, 0, 1, 2
15, 7, 0, 1, 3
15, 7, 0, 1, 3
15, 7, 0, 1, 3
15, 7, 0, 1, 3
15, 7, 1, 0, 3
15, 7, 1, 0, 3
15, 7, 1, 0, 3
15, 7, 1, 0, 4
15, 7, 1, 0, 4
15, 7, 1, 0, 4
15, 7, 1, 0, 4
16, 9, 0, 1, 2
16, 9, 0, 1, 2
16, 9, 0, 1, 2
16, 9, 0, 1, 3
16, 9, 0, 1, 3
16, 9, 0, 1, 3
16, 9, 0, 1, 3
16, 9, 0, 1, 3
16, 9, 0, 1, 3
16, 9, 1, 0, 3
16, 9, 1, 0, 3
16, 9, 1, 0, 3
16, 9, 1, 0, 4
16, 9, 1, 0, 4
16, 9, 1, 0, 4
16, 9, 1, 0, 4
16, 9, 1, 0, 4
16, 9, 1, 0, 4
17, 2, 1, 0, 3
17, 2, 1, 2, 3
17, 2, 3, 0, 3
17, 2, 3, 8, 3
17, 4, 4, 1, 3
17, 4, 4, 3, 3
17, 4, 4, 5, 3
17, 4, 4, 9, 3
17, 2, 5, 2, 3
17, 2, 5, 10, 3
17, 2, 7, 6, 3
17, 2, 7, 8, 3
17, 2, 8, 7, 3
17, 2, 8, 9, 3
17, 4, 9, 4, 3
17, 4, 9, 8, 3
17, 4, 9, 10, 3
17, 4, 9, 11, 3
17, 2, 10, 5, 3
17, 2, 10, 12, 3
17, 2, 11, 9, 3
17, 2, 11, 13, 3
17, 2, 12, 10, 3
17, 2, 12, 14, 3
18, 9, 0, 1, 2
18, 9, 0, 1, 2
18, 9, 0, 1, 2
18, 9, 0, 1, 3
18, 9, 0, 1, 3
18, 9, 0, 1, 3
18, 9, 0, 1, 3
18, 9, 0, 1, 3
18, 9, 0, 1, 3
18, 9, 1, 0, 3
18, 9, 1, 0, 3
18, 9, 1, 0, 3
18, 9, 1, 0, 4
18, 9, 1, 0, 4
18, 9, 1, 0, 4
18, 9, 1, 0, 4
18, 9, 1, 0, 4
18, 9, 1, 0, 4
19, 10, 0, 1, 2
19, 10, 0, 1, 2
19, 10, 0, 1, 2
19, 10, 0, 1, 2
19, 10, 0, 1, 3
19, 10, 0, 1, 3
19, 10, 0, 1, 3
19, 10, 0, 1, 3
19, 10, 0, 1, 3
19, 10, 0, 1, 3
19, 10, 1, 0, 3
19, 10, 1, 0, 3
19, 10, 1, 0, 3
19, 10, 1, 0, 3
19, 10, 1, 0, 4
19, 10, 1, 0, 4
19, 10, 1, 0, 4
19, 10, 1, 0, 4
19, 10, 1, 0, 4
19, 10, 1, 0, 4
20, 6, 0, 1, 2
20, 6, 0, 1, 3
20, 6, 0, 1, 3
20, 6, 0, 3, 2
20, 6, 0, 3, 3
20, 6, 0, 3, 3
20, 5, 1, 0, 2
20, 5, 1, 2, 2
20, 5, 1, 4, 2
20, 5, 1, 4, 3
20, 5, 1, 4, 3
20, 6, 2, 1, 2
20, 6, 2, 1, 3
20, 6, 2, 1, 3
20, 6, 2, 5, 2
20, 6, 2, 5, 3
20, 6, 2, 5, 3
20, 5, 3, 0, 2
20, 5, 3, 4, 2
20, 5, 3, 4, 3
20, 5, 3, 4, 3
20, 5, 3, 8, 2
20, 6, 4, 1, 2
20, 6, 4, 3, 2
20, 6, 4, 5, 2
20, 6, 4, 9, 2
20, 6, 4, 9, 3
20, 6, 4, 9, 3
20, 7, 5, 2, 2
20, 7, 5, 4, 2
20, 7, 5, 4, 3
20, 7, 5, 4, 3
20, 7, 5, 10, 2
20, 7, 5, 10, 3
20, 7, 5, 10, 3
20, 4, 6, 7, 2
20, 4, 6, 7, 3
20, 4, 6, 7, 3
20, 4, 6, 11, 2
20, 6, 7, 6, 2
20, 6, 7, 8, 2
20, 6, 7, 8, 3
20, 6, 7, 8, 3
20, 6, 7, 12, 2
20, 6, 7, 12, 3
20, 9, 8, 3, 2
20, 9, 8, 3, 3
20, 9, 8, 3, 3
20, 9, 8, 7, 2
20, 9, 8, 7, 3
20, 9, 8, 7, 3
20, 9, 8, 9, 2
20, 9, 8, 9, 3
20, 9, 8, 9, 3
20, 10, 9, 4, 2
20, 10, 9, 4, 3
20, 10, 9, 4, 3
20, 10, 9, 8, 2
20, 10, 9, 8, 3
20, 10, 9, 8, 3
20, 10, 9, 10, 2
20, 10, 9, 13, 2
20, 10, 9, 13, 3
20, 10, 9, 13, 3
20, 9, 10, 5, 2
20, 9, 10, 5, 3
20, 9, 10, 5, 3
20, 9, 10, 9, 2
20, 9, 10, 9, 3
20, 9, 10, 9, 3
20, 9, 10, 14, 2
20, 9, 10, 14, 3
20, 9, 10, 14, 3
20, 3, 11, 6, 2
20, 3, 11, 12, 2
20, 3, 11, 15, 2
20, 3, 12, 7, 2
20, 3, 12, 11, 2
20, 3, 12, 16, 2
20, 5, 13, 9, 2
20, 5, 13, 9, 3
20, 5, 13, 9, 3
20, 5, 13, 14, 2
20, 5, 13, 17, 2
20, 5, 14, 10, 2
20, 5, 14, 10, 3
20, 5, 14, 10, 3
20, 5, 14, 13, 2
20, 5, 14, 18, 2
20, 2, 15, 11, 2
20, 2, 15, 16, 2
20, 3, 16, 12, 2
20, 3, 16, 12, 3
20, 3, 16, 15, 2
20, 4, 17, 13, 2
20, 4, 17, 13, 3
20, 4, 17, 13, 3
20, 4, 17, 18, 2
20, 4, 18, 14, 2
20, 4, 18, 14, 3
20, 4, 18, 14, 3
20, 4, 18, 17, 2
21, 2, 1, 0, 3
21, 2, 1, 2, 3
21, 2, 3, 0, 3
21, 2, 3, 8, 3
21, 4, 4, 1, 3
21, 4, 4, 3, 3
21, 4, 4, 5, 3
21, 4, 4, 9, 3
21, 2, 5, 2, 3
21, 2, 5, 10, 3
21, 2, 7, 6, 3
21, 2, 7, 8, 3
21, 2, 8, 7, 3
21, 2, 8, 9, 3
21, 4, 9, 4, 3
21, 4, 9, 8, 3
21, 4, 9, 10, 3
21, 4, 9, 12, 3
21, 2, 10, 5, 3
21, 2, 10, 13, 3
21, 2, 11, 7, 3
21, 2, 11, 14, 3
21, 2, 12, 9, 3
21, 2, 12, 15, 3
21, 2, 13, 10, 3
21, 2, 13, 16, 3
22, 23, 0, 1, 4
22, 23, 0, 1, 4
22, 23, 0, 1, 4
22, 23, 0, 1, 4
22, 23, 0, 1, 4
22, 23, 0, 1, 4
22, 23, 0, 1, 4
22, 23, 0, 1, 4
22, 23, 0, 1, 4
22, 23, 0, 1, 4
22, 23, 0, 1, 4
22, 23, 0, 1, 4
22, 23, 0, 1, 4
22, 23, 0, 1, 4
22, 23, 0, 1, 4
22, 23, 0, 1, 4
22, 23, 0, 1, 4
22, 23, 0, 1, 4
22, 23, 0, 1, 4
22, 23, 0, 1, 4
22, 23, 0, 1, 4
22, 23, 0, 1, 4
22, 23, 0, 1, 4
22, 3, 1, 0, 4
22, 3, 1, 0, 4
22, 3, 1, 0, 4
23, 21, 0, 1, 4
23, 21, 0, 1, 4
23, 21, 0, 1, 4
23, 21, 0, 1, 4
23, 21, 0, 1, 4
23, 21, 0, 1, 4
23, 21, 0, 1, 4
23, 21, 0, 1, 4
23, 21, 0, 1, 4
23, 21, 0, 1, 4
23, 21, 0, 1, 4
23, 21, 0, 1, 4
23, 21, 0, 1, 4
23, 21, 0, 1, 4
23, 21, 0, 1, 4
23, 21, 0, 1, 4
23, 21, 0, 1, 4
23, 21, 0, 1, 4
23, 21, 0, 1, 4
23, 21, 0, 1, 4
23, 21, 0, 1, 4
23, 3, 1, 0, 4
23, 3, 1, 0, 4
23, 3, 1, 0, 4
Goal
22
23
