CG
9
0, 4, 6, 20
0, 4, 7, 20
0, 4, 8, 20
0, 4, 4, 60
1, 4, 6, 20
1, 4, 7, 20
1, 4, 8, 20
1, 4, 3, 60
2, 4, 6, 30
2, 4, 7, 30
2, 4, 8, 30
2, 4, 5, 90
3, 3, 6, 20
3, 3, 7, 20
3, 3, 8, 20
4, 3, 6, 20
4, 3, 7, 20
4, 3, 8, 20
5, 3, 6, 30
5, 3, 7, 30
5, 3, 8, 30
6, 3, 5, 30
6, 3, 3, 20
6, 3, 4, 20
7, 3, 5, 30
7, 3, 3, 20
7, 3, 4, 20
8, 3, 5, 30
8, 3, 3, 20
8, 3, 4, 20
DTG
0, 4, 0, 1, 1
0, 4, 0, 2, 1
0, 4, 0, 3, 1
0, 4, 0, 4, 1
0, 4, 1, 0, 1
0, 4, 1, 2, 1
0, 4, 1, 3, 1
0, 4, 1, 4, 1
0, 4, 2, 0, 1
0, 4, 2, 1, 1
0, 4, 2, 3, 1
0, 4, 2, 4, 1
0, 4, 3, 0, 1
0, 4, 3, 1, 1
0, 4, 3, 2, 1
0, 4, 3, 4, 1
0, 4, 4, 0, 1
0, 4, 4, 1, 1
0, 4, 4, 2, 1
0, 4, 4, 3, 1
1, 4, 0, 1, 1
1, 4, 0, 2, 1
1, 4, 0, 3, 1
1, 4, 0, 4, 1
1, 4, 1, 0, 1
1, 4, 1, 2, 1
1, 4, 1, 3, 1
1, 4, 1, 4, 1
1, 4, 2, 0, 1
1, 4, 2, 1, 1
1, 4, 2, 3, 1
1, 4, 2, 4, 1
1, 4, 3, 0, 1
1, 4, 3, 1, 1
1, 4, 3, 2, 1
1, 4, 3, 4, 1
1, 4, 4, 0, 1
1, 4, 4, 1, 1
1, 4, 4, 2, 1
1, 4, 4, 3, 1
2, 4, 0, 1, 1
2, 4, 0, 2, 1
2, 4, 0, 3, 1
2, 4, 0, 4, 1
2, 4, 1, 0, 1
2, 4, 1, 2, 1
2, 4, 1, 3, 1
2, 4, 1, 4, 1
2, 4, 2, 0, 1
2, 4, 2, 1, 1
2, 4, 2, 3, 1
2, 4, 2, 4, 1
2, 4, 3, 0, 1
2, 4, 3, 1, 1
2, 4, 3, 2, 1
2, 4, 3, 4, 1
2, 4, 4, 0, 1
2, 4, 4, 1, 1
2, 4, 4, 2, 1
2, 4, 4, 3, 1
3, 15, 0, 1, 3
3, 15, 0, 1, 3
3, 15, 0, 1, 3
3, 15, 0, 1, 3
3, 15, 0, 1, 3
3, 15, 0, 1, 3
3, 15, 0, 1, 3
3, 15, 0, 1, 3
3, 15, 0, 1, 3
3, 15, 0, 1, 3
3, 15, 0, 1, 3
3, 15, 0, 1, 3
3, 15, 0, 1, 3
3, 15, 0, 1, 3
3, 15, 0, 1, 3
3, 30, 1, 0, 3
3, 30, 1, 0, 3
3, 30, 1, 0, 3
3, 30, 1, 0, 3
3, 30, 1, 0, 3
3, 30, 1, 0, 3
3, 30, 1, 0, 3
3, 30, 1, 0, 3
3, 30, 1, 0, 3
3, 30, 1, 0, 3
3, 30, 1, 0, 3
3, 30, 1, 0, 3
3, 30, 1, 0, 3
3, 30, 1, 0, 3
3, 30, 1, 0, 3
3, 30, 1, 2, 3
3, 30, 1, 2, 3
3, 30, 1, 2, 3
3, 30, 1, 2, 3
3, 30, 1, 2, 3
3, 30, 1, 2, 3
3, 30, 1, 2, 3
3, 30, 1, 2, 3
3, 30, 1, 2, 3
3, 30, 1, 2, 3
3, 30, 1, 2, 3
3, 30, 1, 2, 3
3, 30, 1, 2, 3
3, 30, 1, 2, 3
3, 30, 1, 2, 3
3, 15, 2, 1, 3
3, 15, 2, 1, 3
3, 15, 2, 1, 3
3, 15, 2, 1, 3
3, 15, 2, 1, 3
3, 15, 2, 1, 3
3, 15, 2, 1, 3
3, 15, 2, 1, 3
3, 15, 2, 1, 3
3, 15, 2, 1, 3
3, 15, 2, 1, 3
3, 15, 2, 1, 3
3, 15, 2, 1, 3
3, 15, 2, 1, 3
3, 15, 2, 1, 3
4, 15, 0, 1, 3
4, 15, 0, 1, 3
4, 15, 0, 1, 3
4, 15, 0, 1, 3
4, 15, 0, 1, 3
4, 15, 0, 1, 3
4, 15, 0, 1, 3
4, 15, 0, 1, 3
4, 15, 0, 1, 3
4, 15, 0, 1, 3
4, 15, 0, 1, 3
4, 15, 0, 1, 3
4, 15, 0, 1, 3
4, 15, 0, 1, 3
4, 15, 0, 1, 3
4, 30, 1, 0, 3
4, 30, 1, 0, 3
4, 30, 1, 0, 3
4, 30, 1, 0, 3
4, 30, 1, 0, 3
4, 30, 1, 0, 3
4, 30, 1, 0, 3
4, 30, 1, 0, 3
4, 30, 1, 0, 3
4, 30, 1, 0, 3
4, 30, 1, 0, 3
4, 30, 1, 0, 3
4, 30, 1, 0, 3
4, 30, 1, 0, 3
4, 30, 1, 0, 3
4, 30, 1, 2, 3
4, 30, 1, 2, 3
4, 30, 1, 2, 3
4, 30, 1, 2, 3
4, 30, 1, 2, 3
4, 30, 1, 2, 3
4, 30, 1, 2, 3
4, 30, 1, 2, 3
4, 30, 1, 2, 3
4, 30, 1, 2, 3
4, 30, 1, 2, 3
4, 30, 1, 2, 3
4, 30, 1, 2, 3
4, 30, 1, 2, 3
4, 30, 1, 2, 3
4, 15, 2, 1, 3
4, 15, 2, 1, 3
4, 15, 2, 1, 3
4, 15, 2, 1, 3
4, 15, 2, 1, 3
4, 15, 2, 1, 3
4, 15, 2, 1, 3
4, 15, 2, 1, 3
4, 15, 2, 1, 3
4, 15, 2, 1, 3
4, 15, 2, 1, 3
4, 15, 2, 1, 3
4, 15, 2, 1, 3
4, 15, 2, 1, 3
4, 15, 2, 1, 3
5, 15, 0, 1, 3
5, 15, 0, 1, 3
5, 15, 0, 1, 3
5, 15, 0, 1, 3
5, 15, 0, 1, 3
5, 15, 0, 1, 3
5, 15, 0, 1, 3
5, 15, 0, 1, 3
5, 15, 0, 1, 3
5, 15, 0, 1, 3
5, 15, 0, 1, 3
5, 15, 0, 1, 3
5, 15, 0, 1, 3
5, 15, 0, 1, 3
5, 15, 0, 1, 3
5, 30, 1, 0, 3
5, 30, 1, 0, 3
5, 30, 1, 0, 3
5, 30, 1, 0, 3
5, 30, 1, 0, 3
5, 30, 1, 0, 3
5, 30, 1, 0, 3
5, 30, 1, 0, 3
5, 30, 1, 0, 3
5, 30, 1, 0, 3
5, 30, 1, 0, 3
5, 30, 1, 0, 3
5, 30, 1, 0, 3
5, 30, 1, 0, 3
5, 30, 1, 0, 3
5, 30, 1, 2, 3
5, 30, 1, 2, 3
5, 30, 1, 2, 3
5, 30, 1, 2, 3
5, 30, 1, 2, 3
5, 30, 1, 2, 3
5, 30, 1, 2, 3
5, 30, 1, 2, 3
5, 30, 1, 2, 3
5, 30, 1, 2, 3
5, 30, 1, 2, 3
5, 30, 1, 2, 3
5, 30, 1, 2, 3
5, 30, 1, 2, 3
5, 30, 1, 2, 3
5, 30, 2, 1, 3
5, 30, 2, 1, 3
5, 30, 2, 1, 3
5, 30, 2, 1, 3
5, 30, 2, 1, 3
5, 30, 2, 1, 3
5, 30, 2, 1, 3
5, 30, 2, 1, 3
5, 30, 2, 1, 3
5, 30, 2, 1, 3
5, 30, 2, 1, 3
5, 30, 2, 1, 3
5, 30, 2, 1, 3
5, 30, 2, 1, 3
5, 30, 2, 1, 3
5, 30, 2, 3, 3
5, 30, 2, 3, 3
5, 30, 2, 3, 3
5, 30, 2, 3, 3
5, 30, 2, 3, 3
5, 30, 2, 3, 3
5, 30, 2, 3, 3
5, 30, 2, 3, 3
5, 30, 2, 3, 3
5, 30, 2, 3, 3
5, 30, 2, 3, 3
5, 30, 2, 3, 3
5, 30, 2, 3, 3
5, 30, 2, 3, 3
5, 30, 2, 3, 3
5, 15, 3, 2, 3
5, 15, 3, 2, 3
5, 15, 3, 2, 3
5, 15, 3, 2, 3
5, 15, 3, 2, 3
5, 15, 3, 2, 3
5, 15, 3, 2, 3
5, 15, 3, 2, 3
5, 15, 3, 2, 3
5, 15, 3, 2, 3
5, 15, 3, 2, 3
5, 15, 3, 2, 3
5, 15, 3, 2, 3
5, 15, 3, 2, 3
5, 15, 3, 2, 3
6, 15, 0, 3, 3
6, 15, 0, 3, 3
6, 15, 0, 3, 3
6, 15, 0, 5, 3
6, 15, 0, 5, 3
6, 15, 0, 5, 3
6, 15, 0, 7, 3
6, 15, 0, 7, 3
6, 15, 0, 7, 3
6, 15, 0, 9, 3
6, 15, 0, 9, 3
6, 15, 0, 9, 3
6, 15, 0, 11, 3
6, 15, 0, 11, 3
6, 15, 0, 11, 3
6, 10, 1, 3, 3
6, 10, 1, 3, 3
6, 10, 1, 4, 3
6, 10, 1, 4, 3
6, 10, 1, 5, 3
6, 10, 1, 5, 3
6, 10, 1, 6, 3
6, 10, 1, 6, 3
6, 10, 1, 7, 3
6, 10, 1, 7, 3
6, 10, 2, 7, 3
6, 10, 2, 7, 3
6, 10, 2, 8, 3
6, 10, 2, 8, 3
6, 10, 2, 9, 3
6, 10, 2, 9, 3
6, 10, 2, 10, 3
6, 10, 2, 10, 3
6, 10, 2, 11, 3
6, 10, 2, 11, 3
6, 5, 3, 0, 3
6, 5, 3, 0, 3
6, 5, 3, 0, 3
6, 5, 3, 1, 3
6, 5, 3, 1, 3
6, 2, 4, 1, 3
6, 2, 4, 1, 3
6, 5, 5, 0, 3
6, 5, 5, 0, 3
6, 5, 5, 0, 3
6, 5, 5, 1, 3
6, 5, 5, 1, 3
6, 2, 6, 1, 3
6, 2, 6, 1, 3
6, 7, 7, 0, 3
6, 7, 7, 0, 3
6, 7, 7, 0, 3
6, 7, 7, 1, 3
6, 7, 7, 1, 3
6, 7, 7, 2, 3
6, 7, 7, 2, 3
6, 2, 8, 2, 3
6, 2, 8, 2, 3
6, 5, 9, 0, 3
6, 5, 9, 0, 3
6, 5, 9, 0, 3
6, 5, 9, 2, 3
6, 5, 9, 2, 3
6, 2, 10, 2, 3
6, 2, 10, 2, 3
6, 5, 11, 0, 3
6, 5, 11, 0, 3
6, 5, 11, 0, 3
6, 5, 11, 2, 3
6, 5, 11, 2, 3
7, 15, 0, 3, 3
7, 15, 0, 3, 3
7, 15, 0, 3, 3
7, 15, 0, 5, 3
7, 15, 0, 5, 3
7, 15, 0, 5, 3
7, 15, 0, 7, 3
7, 15, 0, 7, 3
7, 15, 0, 7, 3
7, 15, 0, 9, 3
7, 15, 0, 9, 3
7, 15, 0, 9, 3
7, 15, 0, 11, 3
7, 15, 0, 11, 3
7, 15, 0, 11, 3
7, 10, 1, 3, 3
7, 10, 1, 3, 3
7, 10, 1, 4, 3
7, 10, 1, 4, 3
7, 10, 1, 5, 3
7, 10, 1, 5, 3
7, 10, 1, 6, 3
7, 10, 1, 6, 3
7, 10, 1, 7, 3
7, 10, 1, 7, 3
7, 10, 2, 7, 3
7, 10, 2, 7, 3
7, 10, 2, 8, 3
7, 10, 2, 8, 3
7, 10, 2, 9, 3
7, 10, 2, 9, 3
7, 10, 2, 10, 3
7, 10, 2, 10, 3
7, 10, 2, 11, 3
7, 10, 2, 11, 3
7, 5, 3, 0, 3
7, 5, 3, 0, 3
7, 5, 3, 0, 3
7, 5, 3, 1, 3
7, 5, 3, 1, 3
7, 2, 4, 1, 3
7, 2, 4, 1, 3
7, 5, 5, 0, 3
7, 5, 5, 0, 3
7, 5, 5, 0, 3
7, 5, 5, 1, 3
7, 5, 5, 1, 3
7, 2, 6, 1, 3
7, 2, 6, 1, 3
7, 7, 7, 0, 3
7, 7, 7, 0, 3
7, 7, 7, 0, 3
7, 7, 7, 1, 3
7, 7, 7, 1, 3
7, 7, 7, 2, 3
7, 7, 7, 2, 3
7, 2, 8, 2, 3
7, 2, 8, 2, 3
7, 5, 9, 0, 3
7, 5, 9, 0, 3
7, 5, 9, 0, 3
7, 5, 9, 2, 3
7, 5, 9, 2, 3
7, 2, 10, 2, 3
7, 2, 10, 2, 3
7, 5, 11, 0, 3
7, 5, 11, 0, 3
7, 5, 11, 0, 3
7, 5, 11, 2, 3
7, 5, 11, 2, 3
8, 15, 0, 3, 3
8, 15, 0, 3, 3
8, 15, 0, 3, 3
8, 15, 0, 5, 3
8, 15, 0, 5, 3
8, 15, 0, 5, 3
8, 15, 0, 7, 3
8, 15, 0, 7, 3
8, 15, 0, 7, 3
8, 15, 0, 9, 3
8, 15, 0, 9, 3
8, 15, 0, 9, 3
8, 15, 0, 11, 3
8, 15, 0, 11, 3
8, 15, 0, 11, 3
8, 10, 1, 3, 3
8, 10, 1, 3, 3
8, 10, 1, 4, 3
8, 10, 1, 4, 3
8, 10, 1, 5, 3
8, 10, 1, 5, 3
8, 10, 1, 6, 3
8, 10, 1, 6, 3
8, 10, 1, 7, 3
8, 10, 1, 7, 3
8, 10, 2, 7, 3
8, 10, 2, 7, 3
8, 10, 2, 8, 3
8, 10, 2, 8, 3
8, 10, 2, 9, 3
8, 10, 2, 9, 3
8, 10, 2, 10, 3
8, 10, 2, 10, 3
8, 10, 2, 11, 3
8, 10, 2, 11, 3
8, 5, 3, 0, 3
8, 5, 3, 0, 3
8, 5, 3, 0, 3
8, 5, 3, 1, 3
8, 5, 3, 1, 3
8, 2, 4, 1, 3
8, 2, 4, 1, 3
8, 5, 5, 0, 3
8, 5, 5, 0, 3
8, 5, 5, 0, 3
8, 5, 5, 1, 3
8, 5, 5, 1, 3
8, 2, 6, 1, 3
8, 2, 6, 1, 3
8, 7, 7, 0, 3
8, 7, 7, 0, 3
8, 7, 7, 0, 3
8, 7, 7, 1, 3
8, 7, 7, 1, 3
8, 7, 7, 2, 3
8, 7, 7, 2, 3
8, 2, 8, 2, 3
8, 2, 8, 2, 3
8, 5, 9, 0, 3
8, 5, 9, 0, 3
8, 5, 9, 0, 3
8, 5, 9, 2, 3
8, 5, 9, 2, 3
8, 2, 10, 2, 3
8, 2, 10, 2, 3
8, 5, 11, 0, 3
8, 5, 11, 0, 3
8, 5, 11, 0, 3
8, 5, 11, 2, 3
8, 5, 11, 2, 3
Goal
6
7
8
