CG
17
0, 15, 6, 2
0, 15, 7, 8
0, 15, 8, 2
0, 15, 9, 2
0, 15, 11, 2
0, 15, 10, 4
0, 15, 12, 4
0, 15, 5, 2
0, 15, 14, 2
0, 15, 15, 2
0, 15, 16, 2
0, 15, 1, 1
0, 15, 2, 1
0, 15, 3, 1
0, 15, 4, 1
1, 15, 6, 8
1, 15, 7, 2
1, 15, 8, 2
1, 15, 9, 2
1, 15, 11, 2
1, 15, 10, 4
1, 15, 12, 4
1, 15, 13, 2
1, 15, 14, 2
1, 15, 15, 2
1, 15, 16, 2
1, 15, 0, 1
1, 15, 2, 1
1, 15, 3, 1
1, 15, 4, 1
2, 15, 6, 2
2, 15, 7, 2
2, 15, 8, 8
2, 15, 9, 2
2, 15, 11, 2
2, 15, 10, 4
2, 15, 12, 4
2, 15, 5, 2
2, 15, 13, 2
2, 15, 15, 2
2, 15, 16, 2
2, 15, 1, 1
2, 15, 0, 1
2, 15, 3, 1
2, 15, 4, 1
3, 15, 6, 2
3, 15, 7, 2
3, 15, 8, 2
3, 15, 9, 8
3, 15, 11, 2
3, 15, 10, 4
3, 15, 12, 4
3, 15, 5, 2
3, 15, 13, 2
3, 15, 14, 2
3, 15, 16, 2
3, 15, 1, 1
3, 15, 0, 1
3, 15, 2, 1
3, 15, 4, 1
4, 15, 6, 2
4, 15, 7, 2
4, 15, 8, 2
4, 15, 9, 2
4, 15, 11, 8
4, 15, 10, 4
4, 15, 12, 4
4, 15, 5, 2
4, 15, 13, 2
4, 15, 14, 2
4, 15, 15, 2
4, 15, 1, 1
4, 15, 0, 1
4, 15, 2, 1
4, 15, 3, 1
5, 8, 6, 20
5, 8, 7, 4
5, 8, 8, 4
5, 8, 9, 4
5, 8, 11, 4
5, 8, 10, 10
5, 8, 12, 10
5, 8, 1, 5
6, 15, 7, 4
6, 15, 8, 4
6, 15, 9, 4
6, 15, 11, 4
6, 15, 10, 9
6, 15, 12, 9
6, 15, 5, 10
6, 15, 13, 2
6, 15, 14, 2
6, 15, 15, 2
6, 15, 16, 2
6, 15, 0, 1
6, 15, 2, 1
6, 15, 3, 1
6, 15, 4, 1
7, 15, 6, 4
7, 15, 8, 4
7, 15, 9, 4
7, 15, 11, 4
7, 15, 10, 9
7, 15, 12, 9
7, 15, 5, 2
7, 15, 13, 10
7, 15, 14, 2
7, 15, 15, 2
7, 15, 16, 2
7, 15, 1, 1
7, 15, 2, 1
7, 15, 3, 1
7, 15, 4, 1
8, 15, 6, 4
8, 15, 7, 4
8, 15, 9, 4
8, 15, 11, 4
8, 15, 10, 9
8, 15, 12, 9
8, 15, 5, 2
8, 15, 13, 2
8, 15, 14, 10
8, 15, 15, 2
8, 15, 16, 2
8, 15, 1, 1
8, 15, 0, 1
8, 15, 3, 1
8, 15, 4, 1
9, 15, 6, 4
9, 15, 7, 4
9, 15, 8, 4
9, 15, 11, 4
9, 15, 10, 9
9, 15, 12, 9
9, 15, 5, 2
9, 15, 13, 2
9, 15, 14, 2
9, 15, 15, 10
9, 15, 16, 2
9, 15, 1, 1
9, 15, 0, 1
9, 15, 2, 1
9, 15, 4, 1
10, 10, 6, 9
10, 10, 7, 9
10, 10, 8, 9
10, 10, 9, 9
10, 10, 11, 9
10, 10, 5, 5
10, 10, 13, 5
10, 10, 14, 5
10, 10, 15, 5
10, 10, 16, 5
11, 15, 6, 4
11, 15, 7, 4
11, 15, 8, 4
11, 15, 9, 4
11, 15, 10, 9
11, 15, 12, 9
11, 15, 5, 2
11, 15, 13, 2
11, 15, 14, 2
11, 15, 15, 2
11, 15, 16, 10
11, 15, 1, 1
11, 15, 0, 1
11, 15, 2, 1
11, 15, 3, 1
12, 10, 6, 9
12, 10, 7, 9
12, 10, 8, 9
12, 10, 9, 9
12, 10, 11, 9
12, 10, 5, 5
12, 10, 13, 5
12, 10, 14, 5
12, 10, 15, 5
12, 10, 16, 5
13, 8, 6, 4
13, 8, 7, 20
13, 8, 8, 4
13, 8, 9, 4
13, 8, 11, 4
13, 8, 10, 10
13, 8, 12, 10
13, 8, 0, 5
14, 8, 6, 4
14, 8, 7, 4
14, 8, 8, 20
14, 8, 9, 4
14, 8, 11, 4
14, 8, 10, 10
14, 8, 12, 10
14, 8, 2, 5
15, 8, 6, 4
15, 8, 7, 4
15, 8, 8, 4
15, 8, 9, 20
15, 8, 11, 4
15, 8, 10, 10
15, 8, 12, 10
15, 8, 3, 5
16, 8, 6, 4
16, 8, 7, 4
16, 8, 8, 4
16, 8, 9, 4
16, 8, 11, 20
16, 8, 10, 10
16, 8, 12, 10
16, 8, 4, 5
DTG
0, 1, 0, 1, 2
1, 1, 0, 1, 2
2, 1, 0, 1, 2
3, 1, 0, 1, 2
4, 1, 0, 1, 2
5, 5, 0, 2, 3
5, 5, 0, 3, 3
5, 5, 0, 4, 3
5, 5, 0, 5, 3
5, 5, 0, 6, 1
5, 5, 1, 2, 3
5, 5, 1, 3, 3
5, 5, 1, 4, 3
5, 5, 1, 5, 3
5, 5, 1, 6, 1
5, 2, 2, 0, 3
5, 2, 2, 1, 3
5, 2, 3, 0, 3
5, 2, 3, 1, 3
5, 2, 4, 0, 3
5, 2, 4, 1, 3
5, 2, 5, 0, 3
5, 2, 5, 1, 3
5, 2, 6, 0, 3
5, 2, 6, 1, 3
6, 18, 0, 1, 3
6, 18, 0, 1, 3
6, 18, 0, 1, 3
6, 18, 0, 1, 3
6, 18, 0, 1, 3
6, 18, 0, 1, 3
6, 18, 0, 1, 3
6, 18, 0, 1, 3
6, 18, 0, 1, 3
6, 18, 0, 1, 3
6, 18, 0, 1, 3
6, 18, 0, 1, 3
6, 18, 0, 1, 3
6, 18, 0, 1, 3
6, 18, 0, 1, 3
6, 18, 0, 1, 3
6, 18, 0, 1, 3
6, 18, 0, 1, 3
6, 10, 1, 0, 2
6, 10, 1, 0, 2
6, 10, 1, 0, 4
6, 10, 1, 0, 4
6, 10, 1, 0, 4
6, 10, 1, 0, 4
6, 10, 1, 0, 4
6, 10, 1, 0, 4
6, 10, 1, 0, 4
6, 10, 1, 0, 4
7, 18, 0, 1, 3
7, 18, 0, 1, 3
7, 18, 0, 1, 3
7, 18, 0, 1, 3
7, 18, 0, 1, 3
7, 18, 0, 1, 3
7, 18, 0, 1, 3
7, 18, 0, 1, 3
7, 18, 0, 1, 3
7, 18, 0, 1, 3
7, 18, 0, 1, 3
7, 18, 0, 1, 3
7, 18, 0, 1, 3
7, 18, 0, 1, 3
7, 18, 0, 1, 3
7, 18, 0, 1, 3
7, 18, 0, 1, 3
7, 18, 0, 1, 3
7, 10, 1, 0, 2
7, 10, 1, 0, 2
7, 10, 1, 0, 4
7, 10, 1, 0, 4
7, 10, 1, 0, 4
7, 10, 1, 0, 4
7, 10, 1, 0, 4
7, 10, 1, 0, 4
7, 10, 1, 0, 4
7, 10, 1, 0, 4
8, 18, 0, 1, 3
8, 18, 0, 1, 3
8, 18, 0, 1, 3
8, 18, 0, 1, 3
8, 18, 0, 1, 3
8, 18, 0, 1, 3
8, 18, 0, 1, 3
8, 18, 0, 1, 3
8, 18, 0, 1, 3
8, 18, 0, 1, 3
8, 18, 0, 1, 3
8, 18, 0, 1, 3
8, 18, 0, 1, 3
8, 18, 0, 1, 3
8, 18, 0, 1, 3
8, 18, 0, 1, 3
8, 18, 0, 1, 3
8, 18, 0, 1, 3
8, 10, 1, 0, 2
8, 10, 1, 0, 2
8, 10, 1, 0, 4
8, 10, 1, 0, 4
8, 10, 1, 0, 4
8, 10, 1, 0, 4
8, 10, 1, 0, 4
8, 10, 1, 0, 4
8, 10, 1, 0, 4
8, 10, 1, 0, 4
9, 18, 0, 1, 3
9, 18, 0, 1, 3
9, 18, 0, 1, 3
9, 18, 0, 1, 3
9, 18, 0, 1, 3
9, 18, 0, 1, 3
9, 18, 0, 1, 3
9, 18, 0, 1, 3
9, 18, 0, 1, 3
9, 18, 0, 1, 3
9, 18, 0, 1, 3
9, 18, 0, 1, 3
9, 18, 0, 1, 3
9, 18, 0, 1, 3
9, 18, 0, 1, 3
9, 18, 0, 1, 3
9, 18, 0, 1, 3
9, 18, 0, 1, 3
9, 10, 1, 0, 2
9, 10, 1, 0, 2
9, 10, 1, 0, 4
9, 10, 1, 0, 4
9, 10, 1, 0, 4
9, 10, 1, 0, 4
9, 10, 1, 0, 4
9, 10, 1, 0, 4
9, 10, 1, 0, 4
9, 10, 1, 0, 4
10, 25, 0, 1, 3
10, 25, 0, 1, 3
10, 25, 0, 1, 3
10, 25, 0, 1, 3
10, 25, 0, 1, 3
10, 25, 0, 1, 3
10, 25, 0, 1, 3
10, 25, 0, 1, 3
10, 25, 0, 1, 3
10, 25, 0, 1, 3
10, 25, 0, 1, 3
10, 25, 0, 1, 3
10, 25, 0, 1, 3
10, 25, 0, 1, 3
10, 25, 0, 1, 3
10, 25, 0, 1, 3
10, 25, 0, 1, 3
10, 25, 0, 1, 3
10, 25, 0, 1, 3
10, 25, 0, 1, 3
10, 25, 0, 1, 3
10, 25, 0, 1, 3
10, 25, 0, 1, 3
10, 25, 0, 1, 3
10, 25, 0, 1, 3
10, 5, 1, 0, 2
10, 5, 1, 0, 2
10, 5, 1, 0, 2
10, 5, 1, 0, 2
10, 5, 1, 0, 2
11, 18, 0, 1, 3
11, 18, 0, 1, 3
11, 18, 0, 1, 3
11, 18, 0, 1, 3
11, 18, 0, 1, 3
11, 18, 0, 1, 3
11, 18, 0, 1, 3
11, 18, 0, 1, 3
11, 18, 0, 1, 3
11, 18, 0, 1, 3
11, 18, 0, 1, 3
11, 18, 0, 1, 3
11, 18, 0, 1, 3
11, 18, 0, 1, 3
11, 18, 0, 1, 3
11, 18, 0, 1, 3
11, 18, 0, 1, 3
11, 18, 0, 1, 3
11, 10, 1, 0, 2
11, 10, 1, 0, 2
11, 10, 1, 0, 4
11, 10, 1, 0, 4
11, 10, 1, 0, 4
11, 10, 1, 0, 4
11, 10, 1, 0, 4
11, 10, 1, 0, 4
11, 10, 1, 0, 4
11, 10, 1, 0, 4
12, 25, 0, 1, 3
12, 25, 0, 1, 3
12, 25, 0, 1, 3
12, 25, 0, 1, 3
12, 25, 0, 1, 3
12, 25, 0, 1, 3
12, 25, 0, 1, 3
12, 25, 0, 1, 3
12, 25, 0, 1, 3
12, 25, 0, 1, 3
12, 25, 0, 1, 3
12, 25, 0, 1, 3
12, 25, 0, 1, 3
12, 25, 0, 1, 3
12, 25, 0, 1, 3
12, 25, 0, 1, 3
12, 25, 0, 1, 3
12, 25, 0, 1, 3
12, 25, 0, 1, 3
12, 25, 0, 1, 3
12, 25, 0, 1, 3
12, 25, 0, 1, 3
12, 25, 0, 1, 3
12, 25, 0, 1, 3
12, 25, 0, 1, 3
12, 5, 1, 0, 2
12, 5, 1, 0, 2
12, 5, 1, 0, 2
12, 5, 1, 0, 2
12, 5, 1, 0, 2
13, 5, 0, 2, 3
13, 5, 0, 3, 3
13, 5, 0, 4, 3
13, 5, 0, 5, 3
13, 5, 0, 6, 1
13, 5, 1, 2, 3
13, 5, 1, 3, 3
13, 5, 1, 4, 3
13, 5, 1, 5, 3
13, 5, 1, 6, 1
13, 2, 2, 0, 3
13, 2, 2, 1, 3
13, 2, 3, 0, 3
13, 2, 3, 1, 3
13, 2, 4, 0, 3
13, 2, 4, 1, 3
13, 2, 5, 0, 3
13, 2, 5, 1, 3
13, 2, 6, 0, 3
13, 2, 6, 1, 3
14, 5, 0, 2, 3
14, 5, 0, 3, 3
14, 5, 0, 4, 3
14, 5, 0, 5, 3
14, 5, 0, 6, 1
14, 5, 1, 2, 3
14, 5, 1, 3, 3
14, 5, 1, 4, 3
14, 5, 1, 5, 3
14, 5, 1, 6, 1
14, 2, 2, 0, 3
14, 2, 2, 1, 3
14, 2, 3, 0, 3
14, 2, 3, 1, 3
14, 2, 4, 0, 3
14, 2, 4, 1, 3
14, 2, 5, 0, 3
14, 2, 5, 1, 3
14, 2, 6, 0, 3
14, 2, 6, 1, 3
15, 5, 0, 2, 3
15, 5, 0, 3, 3
15, 5, 0, 4, 3
15, 5, 0, 5, 3
15, 5, 0, 6, 1
15, 5, 1, 2, 3
15, 5, 1, 3, 3
15, 5, 1, 4, 3
15, 5, 1, 5, 3
15, 5, 1, 6, 1
15, 2, 2, 0, 3
15, 2, 2, 1, 3
15, 2, 3, 0, 3
15, 2, 3, 1, 3
15, 2, 4, 0, 3
15, 2, 4, 1, 3
15, 2, 5, 0, 3
15, 2, 5, 1, 3
15, 2, 6, 0, 3
15, 2, 6, 1, 3
16, 5, 0, 2, 3
16, 5, 0, 3, 3
16, 5, 0, 4, 3
16, 5, 0, 5, 3
16, 5, 0, 6, 1
16, 5, 1, 2, 3
16, 5, 1, 3, 3
16, 5, 1, 4, 3
16, 5, 1, 5, 3
16, 5, 1, 6, 1
16, 2, 2, 0, 3
16, 2, 2, 1, 3
16, 2, 3, 0, 3
16, 2, 3, 1, 3
16, 2, 4, 0, 3
16, 2, 4, 1, 3
16, 2, 5, 0, 3
16, 2, 5, 1, 3
16, 2, 6, 0, 3
16, 2, 6, 1, 3
Goal
13
14
15
16
