CG
8
0, 7, 7, 12
0, 7, 6, 12
0, 7, 5, 12
0, 7, 4, 12
0, 7, 3, 12
0, 7, 2, 12
0, 7, 1, 1222
1, 1, 0, 1222
DTG
0, 121, 0, 2, 2
0, 121, 0, 2, 2
0, 121, 0, 2, 2
0, 121, 0, 2, 2
0, 121, 0, 2, 2
0, 121, 0, 2, 2
0, 121, 0, 2, 2
0, 121, 0, 2, 2
0, 121, 0, 2, 2
0, 121, 0, 2, 2
0, 121, 0, 2, 2
0, 121, 0, 2, 2
0, 121, 0, 2, 2
0, 121, 0, 2, 2
0, 121, 0, 2, 2
0, 121, 0, 2, 2
0, 121, 0, 2, 2
0, 121, 0, 2, 2
0, 121, 0, 2, 2
0, 121, 0, 2, 2
0, 121, 0, 2, 2
0, 121, 0, 2, 2
0, 121, 0, 2, 2
0, 121, 0, 2, 2
0, 121, 0, 2, 2
0, 121, 0, 2, 2
0, 121, 0, 2, 2
0, 121, 0, 2, 2
0, 121, 0, 2, 2
0, 121, 0, 2, 2
0, 121, 0, 2, 2
0, 121, 0, 2, 2
0, 121, 0, 2, 2
0, 121, 0, 2, 2
0, 121, 0, 2, 2
0, 121, 0, 2, 2
0, 121, 0, 2, 2
0, 121, 0, 2, 2
0, 121, 0, 2, 2
0, 121, 0, 2, 2
0, 121, 0, 2, 2
0, 121, 0, 2, 2
0, 121, 0, 2, 2
0, 121, 0, 2, 2
0, 121, 0, 2, 2
0, 121, 0, 2, 2
0, 121, 0, 2, 2
0, 121, 0, 2, 2
0, 121, 0, 2, 2
0, 121, 0, 2, 2
0, 121, 0, 2, 2
0, 121, 0, 2, 2
0, 121, 0, 2, 2
0, 121, 0, 2, 2
0, 121, 0, 2, 2
0, 121, 0, 2, 2
0, 121, 0, 2, 2
0, 121, 0, 2, 2
0, 121, 0, 5, 2
0, 121, 0, 5, 2
0, 121, 0, 5, 2
0, 121, 0, 5, 2
0, 121, 0, 5, 2
0, 121, 0, 5, 2
0, 121, 0, 5, 2
0, 121, 0, 5, 2
0, 121, 0, 5, 2
0, 121, 0, 5, 2
0, 121, 0, 5, 2
0, 121, 0, 5, 2
0, 121, 0, 5, 2
0, 121, 0, 5, 2
0, 121, 0, 5, 2
0, 121, 0, 5, 2
0, 121, 0, 5, 2
0, 121, 0, 5, 2
0, 121, 0, 5, 2
0, 121, 0, 5, 2
0, 121, 0, 5, 2
0, 121, 0, 5, 2
0, 121, 0, 5, 2
0, 121, 0, 5, 2
0, 121, 0, 5, 2
0, 121, 0, 5, 2
0, 121, 0, 5, 2
0, 121, 0, 5, 2
0, 121, 0, 5, 2
0, 121, 0, 5, 2
0, 121, 0, 5, 2
0, 121, 0, 5, 2
0, 121, 0, 5, 2
0, 121, 0, 5, 2
0, 121, 0, 5, 2
0, 121, 0, 5, 2
0, 121, 0, 5, 2
0, 121, 0, 5, 2
0, 121, 0, 5, 2
0, 121, 0, 5, 2
0, 121, 0, 5, 2
0, 121, 0, 5, 2
0, 121, 0, 5, 2
0, 121, 0, 5, 2
0, 121, 0, 5, 2
0, 121, 0, 5, 2
0, 121, 0, 5, 2
0, 121, 0, 5, 2
0, 121, 0, 5, 2
0, 121, 0, 5, 2
0, 121, 0, 5, 2
0, 121, 0, 5, 2
0, 121, 0, 5, 2
0, 121, 0, 5, 2
0, 121, 0, 5, 2
0, 121, 0, 5, 2
0, 121, 0, 5, 2
0, 121, 0, 5, 2
0, 121, 0, 5, 2
0, 121, 0, 5, 2
0, 121, 0, 5, 2
0, 121, 0, 5, 2
0, 121, 0, 5, 2
0, 217, 1, 2, 2
0, 217, 1, 2, 2
0, 217, 1, 2, 2
0, 217, 1, 2, 2
0, 217, 1, 2, 2
0, 217, 1, 2, 2
0, 217, 1, 2, 2
0, 217, 1, 2, 2
0, 217, 1, 2, 2
0, 217, 1, 2, 2
0, 217, 1, 2, 2
0, 217, 1, 2, 2
0, 217, 1, 2, 2
0, 217, 1, 2, 2
0, 217, 1, 2, 2
0, 217, 1, 2, 2
0, 217, 1, 2, 2
0, 217, 1, 2, 2
0, 217, 1, 2, 2
0, 217, 1, 2, 2
0, 217, 1, 2, 2
0, 217, 1, 2, 2
0, 217, 1, 2, 2
0, 217, 1, 2, 2
0, 217, 1, 2, 2
0, 217, 1, 2, 2
0, 217, 1, 2, 2
0, 217, 1, 2, 2
0, 217, 1, 2, 2
0, 217, 1, 2, 2
0, 217, 1, 2, 2
0, 217, 1, 2, 2
0, 217, 1, 2, 2
0, 217, 1, 2, 2
0, 217, 1, 2, 2
0, 217, 1, 2, 2
0, 217, 1, 2, 2
0, 217, 1, 2, 2
0, 217, 1, 2, 2
0, 217, 1, 2, 2
0, 217, 1, 2, 2
0, 217, 1, 2, 2
0, 217, 1, 2, 2
0, 217, 1, 2, 2
0, 217, 1, 2, 2
0, 217, 1, 2, 2
0, 217, 1, 2, 2
0, 217, 1, 2, 2
0, 217, 1, 2, 2
0, 217, 1, 2, 2
0, 217, 1, 2, 2
0, 217, 1, 2, 2
0, 217, 1, 2, 2
0, 217, 1, 2, 2
0, 217, 1, 2, 2
0, 217, 1, 2, 2
0, 217, 1, 2, 2
0, 217, 1, 2, 2
0, 217, 1, 2, 2
0, 217, 1, 2, 2
0, 217, 1, 2, 2
0, 217, 1, 2, 2
0, 217, 1, 2, 2
0, 217, 1, 2, 2
0, 217, 1, 2, 2
0, 217, 1, 2, 2
0, 217, 1, 2, 2
0, 217, 1, 2, 2
0, 217, 1, 2, 2
0, 217, 1, 2, 2
0, 217, 1, 2, 2
0, 217, 1, 2, 2
0, 217, 1, 2, 2
0, 217, 1, 2, 2
0, 217, 1, 2, 2
0, 217, 1, 2, 2
0, 217, 1, 2, 2
0, 217, 1, 2, 2
0, 217, 1, 4, 2
0, 217, 1, 4, 2
0, 217, 1, 4, 2
0, 217, 1, 4, 2
0, 217, 1, 4, 2
0, 217, 1, 4, 2
0, 217, 1, 4, 2
0, 217, 1, 4, 2
0, 217, 1, 4, 2
0, 217, 1, 4, 2
0, 217, 1, 4, 2
0, 217, 1, 4, 2
0, 217, 1, 4, 2
0, 217, 1, 4, 2
0, 217, 1, 4, 2
0, 217, 1, 4, 2
0, 217, 1, 4, 2
0, 217, 1, 4, 2
0, 217, 1, 4, 2
0, 217, 1, 4, 2
0, 217, 1, 4, 2
0, 217, 1, 4, 2
0, 217, 1, 4, 2
0, 217, 1, 4, 2
0, 217, 1, 4, 2
0, 217, 1, 4, 2
0, 217, 1, 4, 2
0, 217, 1, 4, 2
0, 217, 1, 4, 2
0, 217, 1, 4, 2
0, 217, 1, 4, 2
0, 217, 1, 4, 2
0, 217, 1, 4, 2
0, 217, 1, 4, 2
0, 217, 1, 4, 2
0, 217, 1, 4, 2
0, 217, 1, 4, 2
0, 217, 1, 4, 2
0, 217, 1, 4, 2
0, 217, 1, 4, 2
0, 217, 1, 4, 2
0, 217, 1, 4, 2
0, 217, 1, 4, 2
0, 217, 1, 4, 2
0, 217, 1, 4, 2
0, 217, 1, 4, 2
0, 217, 1, 4, 2
0, 217, 1, 4, 2
0, 217, 1, 4, 2
0, 217, 1, 4, 2
0, 217, 1, 4, 2
0, 217, 1, 4, 2
0, 217, 1, 4, 2
0, 217, 1, 4, 2
0, 217, 1, 4, 2
0, 217, 1, 4, 2
0, 217, 1, 4, 2
0, 217, 1, 4, 2
0, 217, 1, 4, 2
0, 217, 1, 4, 2
0, 217, 1, 4, 2
0, 217, 1, 4, 2
0, 217, 1, 4, 2
0, 217, 1, 4, 2
0, 217, 1, 4, 2
0, 217, 1, 4, 2
0, 217, 1, 4, 2
0, 217, 1, 4, 2
0, 217, 1, 4, 2
0, 217, 1, 5, 2
0, 217, 1, 5, 2
0, 217, 1, 5, 2
0, 217, 1, 5, 2
0, 217, 1, 5, 2
0, 217, 1, 5, 2
0, 217, 1, 5, 2
0, 217, 1, 5, 2
0, 217, 1, 5, 2
0, 217, 1, 5, 2
0, 217, 1, 5, 2
0, 217, 1, 5, 2
0, 217, 1, 5, 2
0, 217, 1, 5, 2
0, 217, 1, 5, 2
0, 217, 1, 5, 2
0, 217, 1, 5, 2
0, 217, 1, 5, 2
0, 217, 1, 5, 2
0, 217, 1, 5, 2
0, 217, 1, 5, 2
0, 217, 1, 5, 2
0, 217, 1, 5, 2
0, 217, 1, 5, 2
0, 217, 1, 5, 2
0, 217, 1, 5, 2
0, 217, 1, 5, 2
0, 217, 1, 5, 2
0, 217, 1, 5, 2
0, 217, 1, 5, 2
0, 217, 1, 5, 2
0, 217, 1, 5, 2
0, 217, 1, 5, 2
0, 217, 1, 5, 2
0, 217, 1, 5, 2
0, 217, 1, 5, 2
0, 217, 1, 5, 2
0, 217, 1, 5, 2
0, 217, 1, 5, 2
0, 217, 1, 5, 2
0, 217, 1, 5, 2
0, 217, 1, 5, 2
0, 217, 1, 5, 2
0, 217, 1, 5, 2
0, 217, 1, 5, 2
0, 217, 1, 5, 2
0, 217, 1, 5, 2
0, 217, 1, 5, 2
0, 217, 1, 5, 2
0, 217, 1, 5, 2
0, 217, 1, 5, 2
0, 217, 1, 5, 2
0, 217, 1, 5, 2
0, 217, 1, 5, 2
0, 217, 1, 5, 2
0, 217, 1, 5, 2
0, 217, 1, 5, 2
0, 217, 1, 5, 2
0, 217, 1, 5, 2
0, 217, 1, 5, 2
0, 217, 1, 5, 2
0, 217, 1, 5, 2
0, 217, 1, 5, 2
0, 217, 1, 5, 2
0, 217, 1, 5, 2
0, 217, 1, 5, 2
0, 217, 1, 5, 2
0, 217, 1, 5, 2
0, 217, 1, 5, 2
0, 217, 1, 5, 2
0, 269, 2, 0, 2
0, 269, 2, 0, 2
0, 269, 2, 0, 2
0, 269, 2, 0, 2
0, 269, 2, 0, 2
0, 269, 2, 0, 2
0, 269, 2, 0, 2
0, 269, 2, 0, 2
0, 269, 2, 0, 2
0, 269, 2, 0, 2
0, 269, 2, 0, 2
0, 269, 2, 0, 2
0, 269, 2, 0, 2
0, 269, 2, 0, 2
0, 269, 2, 0, 2
0, 269, 2, 0, 2
0, 269, 2, 0, 2
0, 269, 2, 0, 2
0, 269, 2, 0, 2
0, 269, 2, 0, 2
0, 269, 2, 0, 2
0, 269, 2, 0, 2
0, 269, 2, 0, 2
0, 269, 2, 0, 2
0, 269, 2, 0, 2
0, 269, 2, 0, 2
0, 269, 2, 0, 2
0, 269, 2, 0, 2
0, 269, 2, 0, 2
0, 269, 2, 0, 2
0, 269, 2, 0, 2
0, 269, 2, 0, 2
0, 269, 2, 0, 2
0, 269, 2, 0, 2
0, 269, 2, 0, 2
0, 269, 2, 0, 2
0, 269, 2, 0, 2
0, 269, 2, 0, 2
0, 269, 2, 0, 2
0, 269, 2, 0, 2
0, 269, 2, 0, 2
0, 269, 2, 0, 2
0, 269, 2, 0, 2
0, 269, 2, 0, 2
0, 269, 2, 0, 2
0, 269, 2, 0, 2
0, 269, 2, 0, 2
0, 269, 2, 0, 2
0, 269, 2, 0, 2
0, 269, 2, 0, 2
0, 269, 2, 0, 2
0, 269, 2, 0, 2
0, 269, 2, 0, 2
0, 269, 2, 0, 2
0, 269, 2, 0, 2
0, 269, 2, 0, 2
0, 269, 2, 0, 2
0, 269, 2, 0, 2
0, 269, 2, 1, 2
0, 269, 2, 1, 2
0, 269, 2, 1, 2
0, 269, 2, 1, 2
0, 269, 2, 1, 2
0, 269, 2, 1, 2
0, 269, 2, 1, 2
0, 269, 2, 1, 2
0, 269, 2, 1, 2
0, 269, 2, 1, 2
0, 269, 2, 1, 2
0, 269, 2, 1, 2
0, 269, 2, 1, 2
0, 269, 2, 1, 2
0, 269, 2, 1, 2
0, 269, 2, 1, 2
0, 269, 2, 1, 2
0, 269, 2, 1, 2
0, 269, 2, 1, 2
0, 269, 2, 1, 2
0, 269, 2, 1, 2
0, 269, 2, 1, 2
0, 269, 2, 1, 2
0, 269, 2, 1, 2
0, 269, 2, 1, 2
0, 269, 2, 1, 2
0, 269, 2, 1, 2
0, 269, 2, 1, 2
0, 269, 2, 1, 2
0, 269, 2, 1, 2
0, 269, 2, 1, 2
0, 269, 2, 1, 2
0, 269, 2, 1, 2
0, 269, 2, 1, 2
0, 269, 2, 1, 2
0, 269, 2, 1, 2
0, 269, 2, 1, 2
0, 269, 2, 1, 2
0, 269, 2, 1, 2
0, 269, 2, 1, 2
0, 269, 2, 1, 2
0, 269, 2, 1, 2
0, 269, 2, 1, 2
0, 269, 2, 1, 2
0, 269, 2, 1, 2
0, 269, 2, 1, 2
0, 269, 2, 1, 2
0, 269, 2, 1, 2
0, 269, 2, 1, 2
0, 269, 2, 1, 2
0, 269, 2, 1, 2
0, 269, 2, 1, 2
0, 269, 2, 1, 2
0, 269, 2, 1, 2
0, 269, 2, 1, 2
0, 269, 2, 1, 2
0, 269, 2, 1, 2
0, 269, 2, 1, 2
0, 269, 2, 1, 2
0, 269, 2, 1, 2
0, 269, 2, 1, 2
0, 269, 2, 1, 2
0, 269, 2, 1, 2
0, 269, 2, 1, 2
0, 269, 2, 1, 2
0, 269, 2, 1, 2
0, 269, 2, 1, 2
0, 269, 2, 1, 2
0, 269, 2, 1, 2
0, 269, 2, 1, 2
0, 269, 2, 1, 2
0, 269, 2, 1, 2
0, 269, 2, 1, 2
0, 269, 2, 1, 2
0, 269, 2, 1, 2
0, 269, 2, 1, 2
0, 269, 2, 1, 2
0, 269, 2, 1, 2
0, 269, 2, 4, 2
0, 269, 2, 4, 2
0, 269, 2, 4, 2
0, 269, 2, 4, 2
0, 269, 2, 4, 2
0, 269, 2, 4, 2
0, 269, 2, 4, 2
0, 269, 2, 4, 2
0, 269, 2, 4, 2
0, 269, 2, 4, 2
0, 269, 2, 4, 2
0, 269, 2, 4, 2
0, 269, 2, 4, 2
0, 269, 2, 4, 2
0, 269, 2, 4, 2
0, 269, 2, 4, 2
0, 269, 2, 4, 2
0, 269, 2, 4, 2
0, 269, 2, 4, 2
0, 269, 2, 4, 2
0, 269, 2, 4, 2
0, 269, 2, 4, 2
0, 269, 2, 4, 2
0, 269, 2, 4, 2
0, 269, 2, 4, 2
0, 269, 2, 4, 2
0, 269, 2, 4, 2
0, 269, 2, 4, 2
0, 269, 2, 4, 2
0, 269, 2, 4, 2
0, 269, 2, 4, 2
0, 269, 2, 4, 2
0, 269, 2, 4, 2
0, 269, 2, 4, 2
0, 269, 2, 4, 2
0, 269, 2, 4, 2
0, 269, 2, 4, 2
0, 269, 2, 4, 2
0, 269, 2, 4, 2
0, 269, 2, 4, 2
0, 269, 2, 4, 2
0, 269, 2, 4, 2
0, 269, 2, 4, 2
0, 269, 2, 4, 2
0, 269, 2, 4, 2
0, 269, 2, 4, 2
0, 269, 2, 4, 2
0, 269, 2, 4, 2
0, 269, 2, 4, 2
0, 269, 2, 4, 2
0, 269, 2, 4, 2
0, 269, 2, 4, 2
0, 269, 2, 4, 2
0, 269, 2, 4, 2
0, 269, 2, 4, 2
0, 269, 2, 4, 2
0, 269, 2, 4, 2
0, 269, 2, 4, 2
0, 269, 2, 4, 2
0, 269, 2, 4, 2
0, 269, 2, 4, 2
0, 269, 2, 4, 2
0, 269, 2, 4, 2
0, 269, 2, 4, 2
0, 269, 2, 4, 2
0, 269, 2, 5, 2
0, 269, 2, 5, 2
0, 269, 2, 5, 2
0, 269, 2, 5, 2
0, 269, 2, 5, 2
0, 269, 2, 5, 2
0, 269, 2, 5, 2
0, 269, 2, 5, 2
0, 269, 2, 5, 2
0, 269, 2, 5, 2
0, 269, 2, 5, 2
0, 269, 2, 5, 2
0, 269, 2, 5, 2
0, 269, 2, 5, 2
0, 269, 2, 5, 2
0, 269, 2, 5, 2
0, 269, 2, 5, 2
0, 269, 2, 5, 2
0, 269, 2, 5, 2
0, 269, 2, 5, 2
0, 269, 2, 5, 2
0, 269, 2, 5, 2
0, 269, 2, 5, 2
0, 269, 2, 5, 2
0, 269, 2, 5, 2
0, 269, 2, 5, 2
0, 269, 2, 5, 2
0, 269, 2, 5, 2
0, 269, 2, 5, 2
0, 269, 2, 5, 2
0, 269, 2, 5, 2
0, 269, 2, 5, 2
0, 269, 2, 5, 2
0, 269, 2, 5, 2
0, 269, 2, 5, 2
0, 269, 2, 5, 2
0, 269, 2, 5, 2
0, 269, 2, 5, 2
0, 269, 2, 5, 2
0, 269, 2, 5, 2
0, 269, 2, 5, 2
0, 269, 2, 5, 2
0, 269, 2, 5, 2
0, 269, 2, 5, 2
0, 269, 2, 5, 2
0, 269, 2, 5, 2
0, 269, 2, 5, 2
0, 269, 2, 5, 2
0, 269, 2, 5, 2
0, 269, 2, 5, 2
0, 269, 2, 5, 2
0, 269, 2, 5, 2
0, 269, 2, 5, 2
0, 269, 2, 5, 2
0, 269, 2, 5, 2
0, 269, 2, 5, 2
0, 269, 2, 5, 2
0, 269, 2, 5, 2
0, 269, 2, 5, 2
0, 269, 2, 5, 2
0, 269, 2, 5, 2
0, 269, 2, 5, 2
0, 269, 2, 5, 2
0, 269, 2, 5, 2
0, 269, 2, 5, 2
0, 269, 2, 5, 2
0, 269, 2, 5, 2
0, 269, 2, 5, 2
0, 76, 3, 4, 2
0, 76, 3, 4, 2
0, 76, 3, 4, 2
0, 76, 3, 4, 2
0, 76, 3, 4, 2
0, 76, 3, 4, 2
0, 76, 3, 4, 2
0, 76, 3, 4, 2
0, 76, 3, 4, 2
0, 76, 3, 4, 2
0, 76, 3, 4, 2
0, 76, 3, 4, 2
0, 76, 3, 4, 2
0, 76, 3, 4, 2
0, 76, 3, 4, 2
0, 76, 3, 4, 2
0, 76, 3, 4, 2
0, 76, 3, 4, 2
0, 76, 3, 4, 2
0, 76, 3, 4, 2
0, 76, 3, 4, 2
0, 76, 3, 4, 2
0, 76, 3, 4, 2
0, 76, 3, 4, 2
0, 76, 3, 4, 2
0, 76, 3, 4, 2
0, 76, 3, 4, 2
0, 76, 3, 4, 2
0, 76, 3, 4, 2
0, 76, 3, 4, 2
0, 76, 3, 4, 2
0, 76, 3, 4, 2
0, 76, 3, 4, 2
0, 76, 3, 4, 2
0, 76, 3, 4, 2
0, 76, 3, 4, 2
0, 76, 3, 4, 2
0, 76, 3, 4, 2
0, 76, 3, 4, 2
0, 76, 3, 4, 2
0, 76, 3, 4, 2
0, 76, 3, 4, 2
0, 76, 3, 4, 2
0, 76, 3, 4, 2
0, 76, 3, 4, 2
0, 76, 3, 4, 2
0, 76, 3, 4, 2
0, 76, 3, 4, 2
0, 76, 3, 4, 2
0, 76, 3, 4, 2
0, 76, 3, 4, 2
0, 76, 3, 4, 2
0, 76, 3, 4, 2
0, 76, 3, 4, 2
0, 76, 3, 4, 2
0, 76, 3, 4, 2
0, 76, 3, 4, 2
0, 76, 3, 4, 2
0, 76, 3, 4, 2
0, 76, 3, 4, 2
0, 76, 3, 4, 2
0, 76, 3, 4, 2
0, 76, 3, 4, 2
0, 76, 3, 4, 2
0, 76, 3, 4, 2
0, 76, 3, 4, 2
0, 76, 3, 4, 2
0, 76, 3, 4, 2
0, 76, 3, 4, 2
0, 76, 3, 4, 2
0, 76, 3, 4, 2
0, 76, 3, 4, 2
0, 76, 3, 4, 2
0, 76, 3, 4, 2
0, 76, 3, 4, 2
0, 76, 3, 4, 2
0, 274, 4, 1, 2
0, 274, 4, 1, 2
0, 274, 4, 1, 2
0, 274, 4, 1, 2
0, 274, 4, 1, 2
0, 274, 4, 1, 2
0, 274, 4, 1, 2
0, 274, 4, 1, 2
0, 274, 4, 1, 2
0, 274, 4, 1, 2
0, 274, 4, 1, 2
0, 274, 4, 1, 2
0, 274, 4, 1, 2
0, 274, 4, 1, 2
0, 274, 4, 1, 2
0, 274, 4, 1, 2
0, 274, 4, 1, 2
0, 274, 4, 1, 2
0, 274, 4, 1, 2
0, 274, 4, 1, 2
0, 274, 4, 1, 2
0, 274, 4, 1, 2
0, 274, 4, 1, 2
0, 274, 4, 1, 2
0, 274, 4, 1, 2
0, 274, 4, 1, 2
0, 274, 4, 1, 2
0, 274, 4, 1, 2
0, 274, 4, 1, 2
0, 274, 4, 1, 2
0, 274, 4, 1, 2
0, 274, 4, 1, 2
0, 274, 4, 1, 2
0, 274, 4, 1, 2
0, 274, 4, 1, 2
0, 274, 4, 1, 2
0, 274, 4, 1, 2
0, 274, 4, 1, 2
0, 274, 4, 1, 2
0, 274, 4, 1, 2
0, 274, 4, 1, 2
0, 274, 4, 1, 2
0, 274, 4, 1, 2
0, 274, 4, 1, 2
0, 274, 4, 1, 2
0, 274, 4, 1, 2
0, 274, 4, 1, 2
0, 274, 4, 1, 2
0, 274, 4, 1, 2
0, 274, 4, 1, 2
0, 274, 4, 1, 2
0, 274, 4, 1, 2
0, 274, 4, 1, 2
0, 274, 4, 1, 2
0, 274, 4, 1, 2
0, 274, 4, 1, 2
0, 274, 4, 1, 2
0, 274, 4, 1, 2
0, 274, 4, 1, 2
0, 274, 4, 1, 2
0, 274, 4, 1, 2
0, 274, 4, 1, 2
0, 274, 4, 1, 2
0, 274, 4, 1, 2
0, 274, 4, 1, 2
0, 274, 4, 1, 2
0, 274, 4, 1, 2
0, 274, 4, 1, 2
0, 274, 4, 1, 2
0, 274, 4, 2, 2
0, 274, 4, 2, 2
0, 274, 4, 2, 2
0, 274, 4, 2, 2
0, 274, 4, 2, 2
0, 274, 4, 2, 2
0, 274, 4, 2, 2
0, 274, 4, 2, 2
0, 274, 4, 2, 2
0, 274, 4, 2, 2
0, 274, 4, 2, 2
0, 274, 4, 2, 2
0, 274, 4, 2, 2
0, 274, 4, 2, 2
0, 274, 4, 2, 2
0, 274, 4, 2, 2
0, 274, 4, 2, 2
0, 274, 4, 2, 2
0, 274, 4, 2, 2
0, 274, 4, 2, 2
0, 274, 4, 2, 2
0, 274, 4, 2, 2
0, 274, 4, 2, 2
0, 274, 4, 2, 2
0, 274, 4, 2, 2
0, 274, 4, 2, 2
0, 274, 4, 2, 2
0, 274, 4, 2, 2
0, 274, 4, 2, 2
0, 274, 4, 2, 2
0, 274, 4, 2, 2
0, 274, 4, 2, 2
0, 274, 4, 2, 2
0, 274, 4, 2, 2
0, 274, 4, 2, 2
0, 274, 4, 2, 2
0, 274, 4, 2, 2
0, 274, 4, 2, 2
0, 274, 4, 2, 2
0, 274, 4, 2, 2
0, 274, 4, 2, 2
0, 274, 4, 2, 2
0, 274, 4, 2, 2
0, 274, 4, 2, 2
0, 274, 4, 2, 2
0, 274, 4, 2, 2
0, 274, 4, 2, 2
0, 274, 4, 2, 2
0, 274, 4, 2, 2
0, 274, 4, 2, 2
0, 274, 4, 2, 2
0, 274, 4, 2, 2
0, 274, 4, 2, 2
0, 274, 4, 2, 2
0, 274, 4, 2, 2
0, 274, 4, 2, 2
0, 274, 4, 2, 2
0, 274, 4, 2, 2
0, 274, 4, 2, 2
0, 274, 4, 2, 2
0, 274, 4, 2, 2
0, 274, 4, 2, 2
0, 274, 4, 2, 2
0, 274, 4, 2, 2
0, 274, 4, 2, 2
0, 274, 4, 3, 2
0, 274, 4, 3, 2
0, 274, 4, 3, 2
0, 274, 4, 3, 2
0, 274, 4, 3, 2
0, 274, 4, 3, 2
0, 274, 4, 3, 2
0, 274, 4, 3, 2
0, 274, 4, 3, 2
0, 274, 4, 3, 2
0, 274, 4, 3, 2
0, 274, 4, 3, 2
0, 274, 4, 3, 2
0, 274, 4, 3, 2
0, 274, 4, 3, 2
0, 274, 4, 3, 2
0, 274, 4, 3, 2
0, 274, 4, 3, 2
0, 274, 4, 3, 2
0, 274, 4, 3, 2
0, 274, 4, 3, 2
0, 274, 4, 3, 2
0, 274, 4, 3, 2
0, 274, 4, 3, 2
0, 274, 4, 3, 2
0, 274, 4, 3, 2
0, 274, 4, 3, 2
0, 274, 4, 3, 2
0, 274, 4, 3, 2
0, 274, 4, 3, 2
0, 274, 4, 3, 2
0, 274, 4, 3, 2
0, 274, 4, 3, 2
0, 274, 4, 3, 2
0, 274, 4, 3, 2
0, 274, 4, 3, 2
0, 274, 4, 3, 2
0, 274, 4, 3, 2
0, 274, 4, 3, 2
0, 274, 4, 3, 2
0, 274, 4, 3, 2
0, 274, 4, 3, 2
0, 274, 4, 3, 2
0, 274, 4, 3, 2
0, 274, 4, 3, 2
0, 274, 4, 3, 2
0, 274, 4, 3, 2
0, 274, 4, 3, 2
0, 274, 4, 3, 2
0, 274, 4, 3, 2
0, 274, 4, 3, 2
0, 274, 4, 3, 2
0, 274, 4, 3, 2
0, 274, 4, 3, 2
0, 274, 4, 3, 2
0, 274, 4, 3, 2
0, 274, 4, 3, 2
0, 274, 4, 3, 2
0, 274, 4, 3, 2
0, 274, 4, 3, 2
0, 274, 4, 3, 2
0, 274, 4, 3, 2
0, 274, 4, 3, 2
0, 274, 4, 3, 2
0, 274, 4, 3, 2
0, 274, 4, 3, 2
0, 274, 4, 3, 2
0, 274, 4, 3, 2
0, 274, 4, 3, 2
0, 274, 4, 3, 2
0, 274, 4, 3, 2
0, 274, 4, 3, 2
0, 274, 4, 3, 2
0, 274, 4, 3, 2
0, 274, 4, 3, 2
0, 274, 4, 3, 2
0, 274, 4, 5, 2
0, 274, 4, 5, 2
0, 274, 4, 5, 2
0, 274, 4, 5, 2
0, 274, 4, 5, 2
0, 274, 4, 5, 2
0, 274, 4, 5, 2
0, 274, 4, 5, 2
0, 274, 4, 5, 2
0, 274, 4, 5, 2
0, 274, 4, 5, 2
0, 274, 4, 5, 2
0, 274, 4, 5, 2
0, 274, 4, 5, 2
0, 274, 4, 5, 2
0, 274, 4, 5, 2
0, 274, 4, 5, 2
0, 274, 4, 5, 2
0, 274, 4, 5, 2
0, 274, 4, 5, 2
0, 274, 4, 5, 2
0, 274, 4, 5, 2
0, 274, 4, 5, 2
0, 274, 4, 5, 2
0, 274, 4, 5, 2
0, 274, 4, 5, 2
0, 274, 4, 5, 2
0, 274, 4, 5, 2
0, 274, 4, 5, 2
0, 274, 4, 5, 2
0, 274, 4, 5, 2
0, 274, 4, 5, 2
0, 274, 4, 5, 2
0, 274, 4, 5, 2
0, 274, 4, 5, 2
0, 274, 4, 5, 2
0, 274, 4, 5, 2
0, 274, 4, 5, 2
0, 274, 4, 5, 2
0, 274, 4, 5, 2
0, 274, 4, 5, 2
0, 274, 4, 5, 2
0, 274, 4, 5, 2
0, 274, 4, 5, 2
0, 274, 4, 5, 2
0, 274, 4, 5, 2
0, 274, 4, 5, 2
0, 274, 4, 5, 2
0, 274, 4, 5, 2
0, 274, 4, 5, 2
0, 274, 4, 5, 2
0, 274, 4, 5, 2
0, 274, 4, 5, 2
0, 274, 4, 5, 2
0, 274, 4, 5, 2
0, 274, 4, 5, 2
0, 274, 4, 5, 2
0, 274, 4, 5, 2
0, 274, 4, 5, 2
0, 274, 4, 5, 2
0, 274, 4, 5, 2
0, 274, 4, 5, 2
0, 274, 4, 5, 2
0, 274, 4, 5, 2
0, 265, 5, 0, 2
0, 265, 5, 0, 2
0, 265, 5, 0, 2
0, 265, 5, 0, 2
0, 265, 5, 0, 2
0, 265, 5, 0, 2
0, 265, 5, 0, 2
0, 265, 5, 0, 2
0, 265, 5, 0, 2
0, 265, 5, 0, 2
0, 265, 5, 0, 2
0, 265, 5, 0, 2
0, 265, 5, 0, 2
0, 265, 5, 0, 2
0, 265, 5, 0, 2
0, 265, 5, 0, 2
0, 265, 5, 0, 2
0, 265, 5, 0, 2
0, 265, 5, 0, 2
0, 265, 5, 0, 2
0, 265, 5, 0, 2
0, 265, 5, 0, 2
0, 265, 5, 0, 2
0, 265, 5, 0, 2
0, 265, 5, 0, 2
0, 265, 5, 0, 2
0, 265, 5, 0, 2
0, 265, 5, 0, 2
0, 265, 5, 0, 2
0, 265, 5, 0, 2
0, 265, 5, 0, 2
0, 265, 5, 0, 2
0, 265, 5, 0, 2
0, 265, 5, 0, 2
0, 265, 5, 0, 2
0, 265, 5, 0, 2
0, 265, 5, 0, 2
0, 265, 5, 0, 2
0, 265, 5, 0, 2
0, 265, 5, 0, 2
0, 265, 5, 0, 2
0, 265, 5, 0, 2
0, 265, 5, 0, 2
0, 265, 5, 0, 2
0, 265, 5, 0, 2
0, 265, 5, 0, 2
0, 265, 5, 0, 2
0, 265, 5, 0, 2
0, 265, 5, 0, 2
0, 265, 5, 0, 2
0, 265, 5, 0, 2
0, 265, 5, 0, 2
0, 265, 5, 0, 2
0, 265, 5, 0, 2
0, 265, 5, 0, 2
0, 265, 5, 0, 2
0, 265, 5, 0, 2
0, 265, 5, 0, 2
0, 265, 5, 0, 2
0, 265, 5, 0, 2
0, 265, 5, 0, 2
0, 265, 5, 0, 2
0, 265, 5, 0, 2
0, 265, 5, 1, 2
0, 265, 5, 1, 2
0, 265, 5, 1, 2
0, 265, 5, 1, 2
0, 265, 5, 1, 2
0, 265, 5, 1, 2
0, 265, 5, 1, 2
0, 265, 5, 1, 2
0, 265, 5, 1, 2
0, 265, 5, 1, 2
0, 265, 5, 1, 2
0, 265, 5, 1, 2
0, 265, 5, 1, 2
0, 265, 5, 1, 2
0, 265, 5, 1, 2
0, 265, 5, 1, 2
0, 265, 5, 1, 2
0, 265, 5, 1, 2
0, 265, 5, 1, 2
0, 265, 5, 1, 2
0, 265, 5, 1, 2
0, 265, 5, 1, 2
0, 265, 5, 1, 2
0, 265, 5, 1, 2
0, 265, 5, 1, 2
0, 265, 5, 1, 2
0, 265, 5, 1, 2
0, 265, 5, 1, 2
0, 265, 5, 1, 2
0, 265, 5, 1, 2
0, 265, 5, 1, 2
0, 265, 5, 1, 2
0, 265, 5, 1, 2
0, 265, 5, 1, 2
0, 265, 5, 1, 2
0, 265, 5, 1, 2
0, 265, 5, 1, 2
0, 265, 5, 1, 2
0, 265, 5, 1, 2
0, 265, 5, 1, 2
0, 265, 5, 1, 2
0, 265, 5, 1, 2
0, 265, 5, 1, 2
0, 265, 5, 1, 2
0, 265, 5, 1, 2
0, 265, 5, 1, 2
0, 265, 5, 1, 2
0, 265, 5, 1, 2
0, 265, 5, 1, 2
0, 265, 5, 1, 2
0, 265, 5, 1, 2
0, 265, 5, 1, 2
0, 265, 5, 1, 2
0, 265, 5, 1, 2
0, 265, 5, 1, 2
0, 265, 5, 1, 2
0, 265, 5, 1, 2
0, 265, 5, 1, 2
0, 265, 5, 1, 2
0, 265, 5, 1, 2
0, 265, 5, 1, 2
0, 265, 5, 1, 2
0, 265, 5, 1, 2
0, 265, 5, 1, 2
0, 265, 5, 1, 2
0, 265, 5, 1, 2
0, 265, 5, 1, 2
0, 265, 5, 1, 2
0, 265, 5, 1, 2
0, 265, 5, 1, 2
0, 265, 5, 2, 2
0, 265, 5, 2, 2
0, 265, 5, 2, 2
0, 265, 5, 2, 2
0, 265, 5, 2, 2
0, 265, 5, 2, 2
0, 265, 5, 2, 2
0, 265, 5, 2, 2
0, 265, 5, 2, 2
0, 265, 5, 2, 2
0, 265, 5, 2, 2
0, 265, 5, 2, 2
0, 265, 5, 2, 2
0, 265, 5, 2, 2
0, 265, 5, 2, 2
0, 265, 5, 2, 2
0, 265, 5, 2, 2
0, 265, 5, 2, 2
0, 265, 5, 2, 2
0, 265, 5, 2, 2
0, 265, 5, 2, 2
0, 265, 5, 2, 2
0, 265, 5, 2, 2
0, 265, 5, 2, 2
0, 265, 5, 2, 2
0, 265, 5, 2, 2
0, 265, 5, 2, 2
0, 265, 5, 2, 2
0, 265, 5, 2, 2
0, 265, 5, 2, 2
0, 265, 5, 2, 2
0, 265, 5, 2, 2
0, 265, 5, 2, 2
0, 265, 5, 2, 2
0, 265, 5, 2, 2
0, 265, 5, 2, 2
0, 265, 5, 2, 2
0, 265, 5, 2, 2
0, 265, 5, 2, 2
0, 265, 5, 2, 2
0, 265, 5, 2, 2
0, 265, 5, 2, 2
0, 265, 5, 2, 2
0, 265, 5, 2, 2
0, 265, 5, 2, 2
0, 265, 5, 2, 2
0, 265, 5, 2, 2
0, 265, 5, 2, 2
0, 265, 5, 2, 2
0, 265, 5, 2, 2
0, 265, 5, 2, 2
0, 265, 5, 2, 2
0, 265, 5, 2, 2
0, 265, 5, 2, 2
0, 265, 5, 2, 2
0, 265, 5, 2, 2
0, 265, 5, 2, 2
0, 265, 5, 2, 2
0, 265, 5, 2, 2
0, 265, 5, 2, 2
0, 265, 5, 2, 2
0, 265, 5, 2, 2
0, 265, 5, 2, 2
0, 265, 5, 2, 2
0, 265, 5, 2, 2
0, 265, 5, 2, 2
0, 265, 5, 2, 2
0, 265, 5, 2, 2
0, 265, 5, 4, 2
0, 265, 5, 4, 2
0, 265, 5, 4, 2
0, 265, 5, 4, 2
0, 265, 5, 4, 2
0, 265, 5, 4, 2
0, 265, 5, 4, 2
0, 265, 5, 4, 2
0, 265, 5, 4, 2
0, 265, 5, 4, 2
0, 265, 5, 4, 2
0, 265, 5, 4, 2
0, 265, 5, 4, 2
0, 265, 5, 4, 2
0, 265, 5, 4, 2
0, 265, 5, 4, 2
0, 265, 5, 4, 2
0, 265, 5, 4, 2
0, 265, 5, 4, 2
0, 265, 5, 4, 2
0, 265, 5, 4, 2
0, 265, 5, 4, 2
0, 265, 5, 4, 2
0, 265, 5, 4, 2
0, 265, 5, 4, 2
0, 265, 5, 4, 2
0, 265, 5, 4, 2
0, 265, 5, 4, 2
0, 265, 5, 4, 2
0, 265, 5, 4, 2
0, 265, 5, 4, 2
0, 265, 5, 4, 2
0, 265, 5, 4, 2
0, 265, 5, 4, 2
0, 265, 5, 4, 2
0, 265, 5, 4, 2
0, 265, 5, 4, 2
0, 265, 5, 4, 2
0, 265, 5, 4, 2
0, 265, 5, 4, 2
0, 265, 5, 4, 2
0, 265, 5, 4, 2
0, 265, 5, 4, 2
0, 265, 5, 4, 2
0, 265, 5, 4, 2
0, 265, 5, 4, 2
0, 265, 5, 4, 2
0, 265, 5, 4, 2
0, 265, 5, 4, 2
0, 265, 5, 4, 2
0, 265, 5, 4, 2
0, 265, 5, 4, 2
0, 265, 5, 4, 2
0, 265, 5, 4, 2
0, 265, 5, 4, 2
0, 265, 5, 4, 2
0, 265, 5, 4, 2
0, 265, 5, 4, 2
0, 265, 5, 4, 2
0, 265, 5, 4, 2
0, 265, 5, 4, 2
0, 265, 5, 4, 2
0, 265, 5, 4, 2
0, 265, 5, 4, 2
1, 4, 2, 45, 2
1, 4, 2, 45, 2
1, 4, 2, 67, 2
1, 4, 2, 67, 2
1, 6, 3, 0, 2
1, 6, 3, 0, 2
1, 6, 3, 56, 2
1, 6, 3, 56, 2
1, 6, 3, 77, 2
1, 6, 3, 77, 2
1, 8, 4, 0, 2
1, 8, 4, 0, 2
1, 8, 4, 1, 2
1, 8, 4, 1, 2
1, 8, 4, 67, 2
1, 8, 4, 67, 2
1, 8, 4, 80, 2
1, 8, 4, 80, 2
1, 10, 5, 0, 2
1, 10, 5, 0, 2
1, 10, 5, 1, 2
1, 10, 5, 1, 2
1, 10, 5, 2, 2
1, 10, 5, 2, 2
1, 10, 5, 12, 2
1, 10, 5, 12, 2
1, 10, 5, 77, 2
1, 10, 5, 77, 2
1, 10, 6, 1, 2
1, 10, 6, 1, 2
1, 10, 6, 3, 2
1, 10, 6, 3, 2
1, 10, 6, 12, 2
1, 10, 6, 12, 2
1, 10, 6, 23, 2
1, 10, 6, 23, 2
1, 10, 6, 80, 2
1, 10, 6, 80, 2
1, 10, 7, 2, 2
1, 10, 7, 2, 2
1, 10, 7, 4, 2
1, 10, 7, 4, 2
1, 10, 7, 12, 2
1, 10, 7, 12, 2
1, 10, 7, 23, 2
1, 10, 7, 23, 2
1, 10, 7, 34, 2
1, 10, 7, 34, 2
1, 12, 8, 0, 2
1, 12, 8, 0, 2
1, 12, 8, 3, 2
1, 12, 8, 3, 2
1, 12, 8, 5, 2
1, 12, 8, 5, 2
1, 12, 8, 23, 2
1, 12, 8, 23, 2
1, 12, 8, 34, 2
1, 12, 8, 34, 2
1, 12, 8, 45, 2
1, 12, 8, 45, 2
1, 14, 9, 0, 2
1, 14, 9, 0, 2
1, 14, 9, 1, 2
1, 14, 9, 1, 2
1, 14, 9, 4, 2
1, 14, 9, 4, 2
1, 14, 9, 6, 2
1, 14, 9, 6, 2
1, 14, 9, 34, 2
1, 14, 9, 34, 2
1, 14, 9, 45, 2
1, 14, 9, 45, 2
1, 14, 9, 56, 2
1, 14, 9, 56, 2
1, 16, 10, 0, 2
1, 16, 10, 0, 2
1, 16, 10, 1, 2
1, 16, 10, 1, 2
1, 16, 10, 5, 2
1, 16, 10, 5, 2
1, 16, 10, 7, 2
1, 16, 10, 7, 2
1, 16, 10, 12, 2
1, 16, 10, 12, 2
1, 16, 10, 45, 2
1, 16, 10, 45, 2
1, 16, 10, 56, 2
1, 16, 10, 56, 2
1, 16, 10, 67, 2
1, 16, 10, 67, 2
1, 16, 11, 1, 2
1, 16, 11, 1, 2
1, 16, 11, 6, 2
1, 16, 11, 6, 2
1, 16, 11, 8, 2
1, 16, 11, 8, 2
1, 16, 11, 12, 2
1, 16, 11, 12, 2
1, 16, 11, 23, 2
1, 16, 11, 23, 2
1, 16, 11, 56, 2
1, 16, 11, 56, 2
1, 16, 11, 67, 2
1, 16, 11, 67, 2
1, 16, 11, 77, 2
1, 16, 11, 77, 2
1, 16, 13, 7, 2
1, 16, 13, 7, 2
1, 16, 13, 9, 2
1, 16, 13, 9, 2
1, 16, 13, 12, 2
1, 16, 13, 12, 2
1, 16, 13, 23, 2
1, 16, 13, 23, 2
1, 16, 13, 34, 2
1, 16, 13, 34, 2
1, 16, 13, 67, 2
1, 16, 13, 67, 2
1, 16, 13, 77, 2
1, 16, 13, 77, 2
1, 16, 13, 80, 2
1, 16, 13, 80, 2
1, 16, 14, 2, 2
1, 16, 14, 2, 2
1, 16, 14, 8, 2
1, 16, 14, 8, 2
1, 16, 14, 10, 2
1, 16, 14, 10, 2
1, 16, 14, 23, 2
1, 16, 14, 23, 2
1, 16, 14, 34, 2
1, 16, 14, 34, 2
1, 16, 14, 45, 2
1, 16, 14, 45, 2
1, 16, 14, 77, 2
1, 16, 14, 77, 2
1, 16, 14, 80, 2
1, 16, 14, 80, 2
1, 16, 15, 2, 2
1, 16, 15, 2, 2
1, 16, 15, 3, 2
1, 16, 15, 3, 2
1, 16, 15, 9, 2
1, 16, 15, 9, 2
1, 16, 15, 11, 2
1, 16, 15, 11, 2
1, 16, 15, 34, 2
1, 16, 15, 34, 2
1, 16, 15, 45, 2
1, 16, 15, 45, 2
1, 16, 15, 56, 2
1, 16, 15, 56, 2
1, 16, 15, 80, 2
1, 16, 15, 80, 2
1, 18, 16, 0, 2
1, 18, 16, 0, 2
1, 18, 16, 2, 2
1, 18, 16, 2, 2
1, 18, 16, 3, 2
1, 18, 16, 3, 2
1, 18, 16, 4, 2
1, 18, 16, 4, 2
1, 18, 16, 10, 2
1, 18, 16, 10, 2
1, 18, 16, 13, 2
1, 18, 16, 13, 2
1, 18, 16, 45, 2
1, 18, 16, 45, 2
1, 18, 16, 56, 2
1, 18, 16, 56, 2
1, 18, 16, 67, 2
1, 18, 16, 67, 2
1, 18, 17, 1, 2
1, 18, 17, 1, 2
1, 18, 17, 3, 2
1, 18, 17, 3, 2
1, 18, 17, 4, 2
1, 18, 17, 4, 2
1, 18, 17, 5, 2
1, 18, 17, 5, 2
1, 18, 17, 11, 2
1, 18, 17, 11, 2
1, 18, 17, 14, 2
1, 18, 17, 14, 2
1, 18, 17, 56, 2
1, 18, 17, 56, 2
1, 18, 17, 67, 2
1, 18, 17, 67, 2
1, 18, 17, 77, 2
1, 18, 17, 77, 2
1, 18, 18, 4, 2
1, 18, 18, 4, 2
1, 18, 18, 5, 2
1, 18, 18, 5, 2
1, 18, 18, 6, 2
1, 18, 18, 6, 2
1, 18, 18, 12, 2
1, 18, 18, 12, 2
1, 18, 18, 13, 2
1, 18, 18, 13, 2
1, 18, 18, 15, 2
1, 18, 18, 15, 2
1, 18, 18, 67, 2
1, 18, 18, 67, 2
1, 18, 18, 77, 2
1, 18, 18, 77, 2
1, 18, 18, 80, 2
1, 18, 18, 80, 2
1, 18, 19, 2, 2
1, 18, 19, 2, 2
1, 18, 19, 5, 2
1, 18, 19, 5, 2
1, 18, 19, 6, 2
1, 18, 19, 6, 2
1, 18, 19, 7, 2
1, 18, 19, 7, 2
1, 18, 19, 14, 2
1, 18, 19, 14, 2
1, 18, 19, 16, 2
1, 18, 19, 16, 2
1, 18, 19, 23, 2
1, 18, 19, 23, 2
1, 18, 19, 77, 2
1, 18, 19, 77, 2
1, 18, 19, 80, 2
1, 18, 19, 80, 2
1, 18, 20, 2, 2
1, 18, 20, 2, 2
1, 18, 20, 3, 2
1, 18, 20, 3, 2
1, 18, 20, 6, 2
1, 18, 20, 6, 2
1, 18, 20, 7, 2
1, 18, 20, 7, 2
1, 18, 20, 8, 2
1, 18, 20, 8, 2
1, 18, 20, 15, 2
1, 18, 20, 15, 2
1, 18, 20, 17, 2
1, 18, 20, 17, 2
1, 18, 20, 34, 2
1, 18, 20, 34, 2
1, 18, 20, 80, 2
1, 18, 20, 80, 2
1, 18, 21, 2, 2
1, 18, 21, 2, 2
1, 18, 21, 3, 2
1, 18, 21, 3, 2
1, 18, 21, 4, 2
1, 18, 21, 4, 2
1, 18, 21, 7, 2
1, 18, 21, 7, 2
1, 18, 21, 8, 2
1, 18, 21, 8, 2
1, 18, 21, 9, 2
1, 18, 21, 9, 2
1, 18, 21, 16, 2
1, 18, 21, 16, 2
1, 18, 21, 18, 2
1, 18, 21, 18, 2
1, 18, 21, 45, 2
1, 18, 21, 45, 2
1, 18, 22, 3, 2
1, 18, 22, 3, 2
1, 18, 22, 4, 2
1, 18, 22, 4, 2
1, 18, 22, 5, 2
1, 18, 22, 5, 2
1, 18, 22, 8, 2
1, 18, 22, 8, 2
1, 18, 22, 9, 2
1, 18, 22, 9, 2
1, 18, 22, 10, 2
1, 18, 22, 10, 2
1, 18, 22, 17, 2
1, 18, 22, 17, 2
1, 18, 22, 19, 2
1, 18, 22, 19, 2
1, 18, 22, 56, 2
1, 18, 22, 56, 2
1, 2, 23, 0, 2
1, 2, 23, 0, 2
1, 18, 24, 4, 2
1, 18, 24, 4, 2
1, 18, 24, 5, 2
1, 18, 24, 5, 2
1, 18, 24, 6, 2
1, 18, 24, 6, 2
1, 18, 24, 9, 2
1, 18, 24, 9, 2
1, 18, 24, 10, 2
1, 18, 24, 10, 2
1, 18, 24, 11, 2
1, 18, 24, 11, 2
1, 18, 24, 18, 2
1, 18, 24, 18, 2
1, 18, 24, 20, 2
1, 18, 24, 20, 2
1, 18, 24, 67, 2
1, 18, 24, 67, 2
1, 18, 25, 5, 2
1, 18, 25, 5, 2
1, 18, 25, 6, 2
1, 18, 25, 6, 2
1, 18, 25, 7, 2
1, 18, 25, 7, 2
1, 18, 25, 10, 2
1, 18, 25, 10, 2
1, 18, 25, 11, 2
1, 18, 25, 11, 2
1, 18, 25, 13, 2
1, 18, 25, 13, 2
1, 18, 25, 19, 2
1, 18, 25, 19, 2
1, 18, 25, 21, 2
1, 18, 25, 21, 2
1, 18, 25, 77, 2
1, 18, 25, 77, 2
1, 18, 26, 6, 2
1, 18, 26, 6, 2
1, 18, 26, 7, 2
1, 18, 26, 7, 2
1, 18, 26, 8, 2
1, 18, 26, 8, 2
1, 18, 26, 11, 2
1, 18, 26, 11, 2
1, 18, 26, 13, 2
1, 18, 26, 13, 2
1, 18, 26, 14, 2
1, 18, 26, 14, 2
1, 18, 26, 20, 2
1, 18, 26, 20, 2
1, 18, 26, 22, 2
1, 18, 26, 22, 2
1, 18, 26, 80, 2
1, 18, 26, 80, 2
1, 18, 27, 2, 2
1, 18, 27, 2, 2
1, 18, 27, 7, 2
1, 18, 27, 7, 2
1, 18, 27, 8, 2
1, 18, 27, 8, 2
1, 18, 27, 9, 2
1, 18, 27, 9, 2
1, 18, 27, 13, 2
1, 18, 27, 13, 2
1, 18, 27, 14, 2
1, 18, 27, 14, 2
1, 18, 27, 15, 2
1, 18, 27, 15, 2
1, 18, 27, 21, 2
1, 18, 27, 21, 2
1, 18, 27, 24, 2
1, 18, 27, 24, 2
1, 18, 28, 3, 2
1, 18, 28, 3, 2
1, 18, 28, 8, 2
1, 18, 28, 8, 2
1, 18, 28, 9, 2
1, 18, 28, 9, 2
1, 18, 28, 10, 2
1, 18, 28, 10, 2
1, 18, 28, 14, 2
1, 18, 28, 14, 2
1, 18, 28, 15, 2
1, 18, 28, 15, 2
1, 18, 28, 16, 2
1, 18, 28, 16, 2
1, 18, 28, 22, 2
1, 18, 28, 22, 2
1, 18, 28, 25, 2
1, 18, 28, 25, 2
1, 18, 29, 4, 2
1, 18, 29, 4, 2
1, 18, 29, 9, 2
1, 18, 29, 9, 2
1, 18, 29, 10, 2
1, 18, 29, 10, 2
1, 18, 29, 11, 2
1, 18, 29, 11, 2
1, 18, 29, 15, 2
1, 18, 29, 15, 2
1, 18, 29, 16, 2
1, 18, 29, 16, 2
1, 18, 29, 17, 2
1, 18, 29, 17, 2
1, 18, 29, 24, 2
1, 18, 29, 24, 2
1, 18, 29, 26, 2
1, 18, 29, 26, 2
1, 18, 30, 5, 2
1, 18, 30, 5, 2
1, 18, 30, 10, 2
1, 18, 30, 10, 2
1, 18, 30, 11, 2
1, 18, 30, 11, 2
1, 18, 30, 13, 2
1, 18, 30, 13, 2
1, 18, 30, 16, 2
1, 18, 30, 16, 2
1, 18, 30, 17, 2
1, 18, 30, 17, 2
1, 18, 30, 18, 2
1, 18, 30, 18, 2
1, 18, 30, 25, 2
1, 18, 30, 25, 2
1, 18, 30, 27, 2
1, 18, 30, 27, 2
1, 18, 31, 6, 2
1, 18, 31, 6, 2
1, 18, 31, 11, 2
1, 18, 31, 11, 2
1, 18, 31, 13, 2
1, 18, 31, 13, 2
1, 18, 31, 14, 2
1, 18, 31, 14, 2
1, 18, 31, 17, 2
1, 18, 31, 17, 2
1, 18, 31, 18, 2
1, 18, 31, 18, 2
1, 18, 31, 19, 2
1, 18, 31, 19, 2
1, 18, 31, 26, 2
1, 18, 31, 26, 2
1, 18, 31, 28, 2
1, 18, 31, 28, 2
1, 18, 32, 7, 2
1, 18, 32, 7, 2
1, 18, 32, 13, 2
1, 18, 32, 13, 2
1, 18, 32, 14, 2
1, 18, 32, 14, 2
1, 18, 32, 15, 2
1, 18, 32, 15, 2
1, 18, 32, 18, 2
1, 18, 32, 18, 2
1, 18, 32, 19, 2
1, 18, 32, 19, 2
1, 18, 32, 20, 2
1, 18, 32, 20, 2
1, 18, 32, 27, 2
1, 18, 32, 27, 2
1, 18, 32, 29, 2
1, 18, 32, 29, 2
1, 18, 33, 8, 2
1, 18, 33, 8, 2
1, 18, 33, 14, 2
1, 18, 33, 14, 2
1, 18, 33, 15, 2
1, 18, 33, 15, 2
1, 18, 33, 16, 2
1, 18, 33, 16, 2
1, 18, 33, 19, 2
1, 18, 33, 19, 2
1, 18, 33, 20, 2
1, 18, 33, 20, 2
1, 18, 33, 21, 2
1, 18, 33, 21, 2
1, 18, 33, 28, 2
1, 18, 33, 28, 2
1, 18, 33, 30, 2
1, 18, 33, 30, 2
1, 2, 34, 1, 2
1, 2, 34, 1, 2
1, 18, 35, 9, 2
1, 18, 35, 9, 2
1, 18, 35, 15, 2
1, 18, 35, 15, 2
1, 18, 35, 16, 2
1, 18, 35, 16, 2
1, 18, 35, 17, 2
1, 18, 35, 17, 2
1, 18, 35, 20, 2
1, 18, 35, 20, 2
1, 18, 35, 21, 2
1, 18, 35, 21, 2
1, 18, 35, 22, 2
1, 18, 35, 22, 2
1, 18, 35, 29, 2
1, 18, 35, 29, 2
1, 18, 35, 31, 2
1, 18, 35, 31, 2
1, 18, 36, 10, 2
1, 18, 36, 10, 2
1, 18, 36, 16, 2
1, 18, 36, 16, 2
1, 18, 36, 17, 2
1, 18, 36, 17, 2
1, 18, 36, 18, 2
1, 18, 36, 18, 2
1, 18, 36, 21, 2
1, 18, 36, 21, 2
1, 18, 36, 22, 2
1, 18, 36, 22, 2
1, 18, 36, 24, 2
1, 18, 36, 24, 2
1, 18, 36, 30, 2
1, 18, 36, 30, 2
1, 18, 36, 32, 2
1, 18, 36, 32, 2
1, 18, 37, 11, 2
1, 18, 37, 11, 2
1, 18, 37, 17, 2
1, 18, 37, 17, 2
1, 18, 37, 18, 2
1, 18, 37, 18, 2
1, 18, 37, 19, 2
1, 18, 37, 19, 2
1, 18, 37, 22, 2
1, 18, 37, 22, 2
1, 18, 37, 24, 2
1, 18, 37, 24, 2
1, 18, 37, 25, 2
1, 18, 37, 25, 2
1, 18, 37, 31, 2
1, 18, 37, 31, 2
1, 18, 37, 33, 2
1, 18, 37, 33, 2
1, 18, 38, 13, 2
1, 18, 38, 13, 2
1, 18, 38, 18, 2
1, 18, 38, 18, 2
1, 18, 38, 19, 2
1, 18, 38, 19, 2
1, 18, 38, 20, 2
1, 18, 38, 20, 2
1, 18, 38, 24, 2
1, 18, 38, 24, 2
1, 18, 38, 25, 2
1, 18, 38, 25, 2
1, 18, 38, 26, 2
1, 18, 38, 26, 2
1, 18, 38, 32, 2
1, 18, 38, 32, 2
1, 18, 38, 35, 2
1, 18, 38, 35, 2
1, 18, 39, 14, 2
1, 18, 39, 14, 2
1, 18, 39, 19, 2
1, 18, 39, 19, 2
1, 18, 39, 20, 2
1, 18, 39, 20, 2
1, 18, 39, 21, 2
1, 18, 39, 21, 2
1, 18, 39, 25, 2
1, 18, 39, 25, 2
1, 18, 39, 26, 2
1, 18, 39, 26, 2
1, 18, 39, 27, 2
1, 18, 39, 27, 2
1, 18, 39, 33, 2
1, 18, 39, 33, 2
1, 18, 39, 36, 2
1, 18, 39, 36, 2
1, 18, 40, 15, 2
1, 18, 40, 15, 2
1, 18, 40, 20, 2
1, 18, 40, 20, 2
1, 18, 40, 21, 2
1, 18, 40, 21, 2
1, 18, 40, 22, 2
1, 18, 40, 22, 2
1, 18, 40, 26, 2
1, 18, 40, 26, 2
1, 18, 40, 27, 2
1, 18, 40, 27, 2
1, 18, 40, 28, 2
1, 18, 40, 28, 2
1, 18, 40, 35, 2
1, 18, 40, 35, 2
1, 18, 40, 37, 2
1, 18, 40, 37, 2
1, 18, 41, 16, 2
1, 18, 41, 16, 2
1, 18, 41, 21, 2
1, 18, 41, 21, 2
1, 18, 41, 22, 2
1, 18, 41, 22, 2
1, 18, 41, 24, 2
1, 18, 41, 24, 2
1, 18, 41, 27, 2
1, 18, 41, 27, 2
1, 18, 41, 28, 2
1, 18, 41, 28, 2
1, 18, 41, 29, 2
1, 18, 41, 29, 2
1, 18, 41, 36, 2
1, 18, 41, 36, 2
1, 18, 41, 38, 2
1, 18, 41, 38, 2
1, 18, 42, 17, 2
1, 18, 42, 17, 2
1, 18, 42, 22, 2
1, 18, 42, 22, 2
1, 18, 42, 24, 2
1, 18, 42, 24, 2
1, 18, 42, 25, 2
1, 18, 42, 25, 2
1, 18, 42, 28, 2
1, 18, 42, 28, 2
1, 18, 42, 29, 2
1, 18, 42, 29, 2
1, 18, 42, 30, 2
1, 18, 42, 30, 2
1, 18, 42, 37, 2
1, 18, 42, 37, 2
1, 18, 42, 39, 2
1, 18, 42, 39, 2
1, 18, 43, 18, 2
1, 18, 43, 18, 2
1, 18, 43, 24, 2
1, 18, 43, 24, 2
1, 18, 43, 25, 2
1, 18, 43, 25, 2
1, 18, 43, 26, 2
1, 18, 43, 26, 2
1, 18, 43, 29, 2
1, 18, 43, 29, 2
1, 18, 43, 30, 2
1, 18, 43, 30, 2
1, 18, 43, 31, 2
1, 18, 43, 31, 2
1, 18, 43, 38, 2
1, 18, 43, 38, 2
1, 18, 43, 40, 2
1, 18, 43, 40, 2
1, 18, 44, 19, 2
1, 18, 44, 19, 2
1, 18, 44, 25, 2
1, 18, 44, 25, 2
1, 18, 44, 26, 2
1, 18, 44, 26, 2
1, 18, 44, 27, 2
1, 18, 44, 27, 2
1, 18, 44, 30, 2
1, 18, 44, 30, 2
1, 18, 44, 31, 2
1, 18, 44, 31, 2
1, 18, 44, 32, 2
1, 18, 44, 32, 2
1, 18, 44, 39, 2
1, 18, 44, 39, 2
1, 18, 44, 41, 2
1, 18, 44, 41, 2
1, 4, 45, 0, 2
1, 4, 45, 0, 2
1, 4, 45, 12, 2
1, 4, 45, 12, 2
1, 18, 46, 20, 2
1, 18, 46, 20, 2
1, 18, 46, 26, 2
1, 18, 46, 26, 2
1, 18, 46, 27, 2
1, 18, 46, 27, 2
1, 18, 46, 28, 2
1, 18, 46, 28, 2
1, 18, 46, 31, 2
1, 18, 46, 31, 2
1, 18, 46, 32, 2
1, 18, 46, 32, 2
1, 18, 46, 33, 2
1, 18, 46, 33, 2
1, 18, 46, 40, 2
1, 18, 46, 40, 2
1, 18, 46, 42, 2
1, 18, 46, 42, 2
1, 18, 47, 21, 2
1, 18, 47, 21, 2
1, 18, 47, 27, 2
1, 18, 47, 27, 2
1, 18, 47, 28, 2
1, 18, 47, 28, 2
1, 18, 47, 29, 2
1, 18, 47, 29, 2
1, 18, 47, 32, 2
1, 18, 47, 32, 2
1, 18, 47, 33, 2
1, 18, 47, 33, 2
1, 18, 47, 35, 2
1, 18, 47, 35, 2
1, 18, 47, 41, 2
1, 18, 47, 41, 2
1, 18, 47, 43, 2
1, 18, 47, 43, 2
1, 18, 48, 22, 2
1, 18, 48, 22, 2
1, 18, 48, 28, 2
1, 18, 48, 28, 2
1, 18, 48, 29, 2
1, 18, 48, 29, 2
1, 18, 48, 30, 2
1, 18, 48, 30, 2
1, 18, 48, 33, 2
1, 18, 48, 33, 2
1, 18, 48, 35, 2
1, 18, 48, 35, 2
1, 18, 48, 36, 2
1, 18, 48, 36, 2
1, 18, 48, 42, 2
1, 18, 48, 42, 2
1, 18, 48, 44, 2
1, 18, 48, 44, 2
1, 18, 49, 24, 2
1, 18, 49, 24, 2
1, 18, 49, 29, 2
1, 18, 49, 29, 2
1, 18, 49, 30, 2
1, 18, 49, 30, 2
1, 18, 49, 31, 2
1, 18, 49, 31, 2
1, 18, 49, 35, 2
1, 18, 49, 35, 2
1, 18, 49, 36, 2
1, 18, 49, 36, 2
1, 18, 49, 37, 2
1, 18, 49, 37, 2
1, 18, 49, 43, 2
1, 18, 49, 43, 2
1, 18, 49, 46, 2
1, 18, 49, 46, 2
1, 18, 50, 25, 2
1, 18, 50, 25, 2
1, 18, 50, 30, 2
1, 18, 50, 30, 2
1, 18, 50, 31, 2
1, 18, 50, 31, 2
1, 18, 50, 32, 2
1, 18, 50, 32, 2
1, 18, 50, 36, 2
1, 18, 50, 36, 2
1, 18, 50, 37, 2
1, 18, 50, 37, 2
1, 18, 50, 38, 2
1, 18, 50, 38, 2
1, 18, 50, 44, 2
1, 18, 50, 44, 2
1, 18, 50, 47, 2
1, 18, 50, 47, 2
1, 18, 51, 26, 2
1, 18, 51, 26, 2
1, 18, 51, 31, 2
1, 18, 51, 31, 2
1, 18, 51, 32, 2
1, 18, 51, 32, 2
1, 18, 51, 33, 2
1, 18, 51, 33, 2
1, 18, 51, 37, 2
1, 18, 51, 37, 2
1, 18, 51, 38, 2
1, 18, 51, 38, 2
1, 18, 51, 39, 2
1, 18, 51, 39, 2
1, 18, 51, 46, 2
1, 18, 51, 46, 2
1, 18, 51, 48, 2
1, 18, 51, 48, 2
1, 18, 52, 27, 2
1, 18, 52, 27, 2
1, 18, 52, 32, 2
1, 18, 52, 32, 2
1, 18, 52, 33, 2
1, 18, 52, 33, 2
1, 18, 52, 35, 2
1, 18, 52, 35, 2
1, 18, 52, 38, 2
1, 18, 52, 38, 2
1, 18, 52, 39, 2
1, 18, 52, 39, 2
1, 18, 52, 40, 2
1, 18, 52, 40, 2
1, 18, 52, 47, 2
1, 18, 52, 47, 2
1, 18, 52, 49, 2
1, 18, 52, 49, 2
1, 18, 53, 28, 2
1, 18, 53, 28, 2
1, 18, 53, 33, 2
1, 18, 53, 33, 2
1, 18, 53, 35, 2
1, 18, 53, 35, 2
1, 18, 53, 36, 2
1, 18, 53, 36, 2
1, 18, 53, 39, 2
1, 18, 53, 39, 2
1, 18, 53, 40, 2
1, 18, 53, 40, 2
1, 18, 53, 41, 2
1, 18, 53, 41, 2
1, 18, 53, 48, 2
1, 18, 53, 48, 2
1, 18, 53, 50, 2
1, 18, 53, 50, 2
1, 18, 54, 29, 2
1, 18, 54, 29, 2
1, 18, 54, 35, 2
1, 18, 54, 35, 2
1, 18, 54, 36, 2
1, 18, 54, 36, 2
1, 18, 54, 37, 2
1, 18, 54, 37, 2
1, 18, 54, 40, 2
1, 18, 54, 40, 2
1, 18, 54, 41, 2
1, 18, 54, 41, 2
1, 18, 54, 42, 2
1, 18, 54, 42, 2
1, 18, 54, 49, 2
1, 18, 54, 49, 2
1, 18, 54, 51, 2
1, 18, 54, 51, 2
1, 18, 55, 30, 2
1, 18, 55, 30, 2
1, 18, 55, 36, 2
1, 18, 55, 36, 2
1, 18, 55, 37, 2
1, 18, 55, 37, 2
1, 18, 55, 38, 2
1, 18, 55, 38, 2
1, 18, 55, 41, 2
1, 18, 55, 41, 2
1, 18, 55, 42, 2
1, 18, 55, 42, 2
1, 18, 55, 43, 2
1, 18, 55, 43, 2
1, 18, 55, 50, 2
1, 18, 55, 50, 2
1, 18, 55, 52, 2
1, 18, 55, 52, 2
1, 4, 56, 1, 2
1, 4, 56, 1, 2
1, 4, 56, 23, 2
1, 4, 56, 23, 2
1, 18, 57, 31, 2
1, 18, 57, 31, 2
1, 18, 57, 37, 2
1, 18, 57, 37, 2
1, 18, 57, 38, 2
1, 18, 57, 38, 2
1, 18, 57, 39, 2
1, 18, 57, 39, 2
1, 18, 57, 42, 2
1, 18, 57, 42, 2
1, 18, 57, 43, 2
1, 18, 57, 43, 2
1, 18, 57, 44, 2
1, 18, 57, 44, 2
1, 18, 57, 51, 2
1, 18, 57, 51, 2
1, 18, 57, 53, 2
1, 18, 57, 53, 2
1, 18, 58, 32, 2
1, 18, 58, 32, 2
1, 18, 58, 38, 2
1, 18, 58, 38, 2
1, 18, 58, 39, 2
1, 18, 58, 39, 2
1, 18, 58, 40, 2
1, 18, 58, 40, 2
1, 18, 58, 43, 2
1, 18, 58, 43, 2
1, 18, 58, 44, 2
1, 18, 58, 44, 2
1, 18, 58, 46, 2
1, 18, 58, 46, 2
1, 18, 58, 52, 2
1, 18, 58, 52, 2
1, 18, 58, 54, 2
1, 18, 58, 54, 2
1, 18, 59, 33, 2
1, 18, 59, 33, 2
1, 18, 59, 39, 2
1, 18, 59, 39, 2
1, 18, 59, 40, 2
1, 18, 59, 40, 2
1, 18, 59, 41, 2
1, 18, 59, 41, 2
1, 18, 59, 44, 2
1, 18, 59, 44, 2
1, 18, 59, 46, 2
1, 18, 59, 46, 2
1, 18, 59, 47, 2
1, 18, 59, 47, 2
1, 18, 59, 53, 2
1, 18, 59, 53, 2
1, 18, 59, 55, 2
1, 18, 59, 55, 2
1, 18, 60, 35, 2
1, 18, 60, 35, 2
1, 18, 60, 40, 2
1, 18, 60, 40, 2
1, 18, 60, 41, 2
1, 18, 60, 41, 2
1, 18, 60, 42, 2
1, 18, 60, 42, 2
1, 18, 60, 46, 2
1, 18, 60, 46, 2
1, 18, 60, 47, 2
1, 18, 60, 47, 2
1, 18, 60, 48, 2
1, 18, 60, 48, 2
1, 18, 60, 54, 2
1, 18, 60, 54, 2
1, 18, 60, 57, 2
1, 18, 60, 57, 2
1, 18, 61, 36, 2
1, 18, 61, 36, 2
1, 18, 61, 41, 2
1, 18, 61, 41, 2
1, 18, 61, 42, 2
1, 18, 61, 42, 2
1, 18, 61, 43, 2
1, 18, 61, 43, 2
1, 18, 61, 47, 2
1, 18, 61, 47, 2
1, 18, 61, 48, 2
1, 18, 61, 48, 2
1, 18, 61, 49, 2
1, 18, 61, 49, 2
1, 18, 61, 55, 2
1, 18, 61, 55, 2
1, 18, 61, 58, 2
1, 18, 61, 58, 2
1, 18, 62, 37, 2
1, 18, 62, 37, 2
1, 18, 62, 42, 2
1, 18, 62, 42, 2
1, 18, 62, 43, 2
1, 18, 62, 43, 2
1, 18, 62, 44, 2
1, 18, 62, 44, 2
1, 18, 62, 48, 2
1, 18, 62, 48, 2
1, 18, 62, 49, 2
1, 18, 62, 49, 2
1, 18, 62, 50, 2
1, 18, 62, 50, 2
1, 18, 62, 57, 2
1, 18, 62, 57, 2
1, 18, 62, 59, 2
1, 18, 62, 59, 2
1, 18, 63, 38, 2
1, 18, 63, 38, 2
1, 18, 63, 43, 2
1, 18, 63, 43, 2
1, 18, 63, 44, 2
1, 18, 63, 44, 2
1, 18, 63, 46, 2
1, 18, 63, 46, 2
1, 18, 63, 49, 2
1, 18, 63, 49, 2
1, 18, 63, 50, 2
1, 18, 63, 50, 2
1, 18, 63, 51, 2
1, 18, 63, 51, 2
1, 18, 63, 58, 2
1, 18, 63, 58, 2
1, 18, 63, 60, 2
1, 18, 63, 60, 2
1, 18, 64, 39, 2
1, 18, 64, 39, 2
1, 18, 64, 44, 2
1, 18, 64, 44, 2
1, 18, 64, 46, 2
1, 18, 64, 46, 2
1, 18, 64, 47, 2
1, 18, 64, 47, 2
1, 18, 64, 50, 2
1, 18, 64, 50, 2
1, 18, 64, 51, 2
1, 18, 64, 51, 2
1, 18, 64, 52, 2
1, 18, 64, 52, 2
1, 18, 64, 59, 2
1, 18, 64, 59, 2
1, 18, 64, 61, 2
1, 18, 64, 61, 2
1, 18, 65, 40, 2
1, 18, 65, 40, 2
1, 18, 65, 46, 2
1, 18, 65, 46, 2
1, 18, 65, 47, 2
1, 18, 65, 47, 2
1, 18, 65, 48, 2
1, 18, 65, 48, 2
1, 18, 65, 51, 2
1, 18, 65, 51, 2
1, 18, 65, 52, 2
1, 18, 65, 52, 2
1, 18, 65, 53, 2
1, 18, 65, 53, 2
1, 18, 65, 60, 2
1, 18, 65, 60, 2
1, 18, 65, 62, 2
1, 18, 65, 62, 2
1, 18, 66, 41, 2
1, 18, 66, 41, 2
1, 18, 66, 47, 2
1, 18, 66, 47, 2
1, 18, 66, 48, 2
1, 18, 66, 48, 2
1, 18, 66, 49, 2
1, 18, 66, 49, 2
1, 18, 66, 52, 2
1, 18, 66, 52, 2
1, 18, 66, 53, 2
1, 18, 66, 53, 2
1, 18, 66, 54, 2
1, 18, 66, 54, 2
1, 18, 66, 61, 2
1, 18, 66, 61, 2
1, 18, 66, 63, 2
1, 18, 66, 63, 2
1, 4, 67, 12, 2
1, 4, 67, 12, 2
1, 4, 67, 34, 2
1, 4, 67, 34, 2
1, 18, 68, 42, 2
1, 18, 68, 42, 2
1, 18, 68, 48, 2
1, 18, 68, 48, 2
1, 18, 68, 49, 2
1, 18, 68, 49, 2
1, 18, 68, 50, 2
1, 18, 68, 50, 2
1, 18, 68, 53, 2
1, 18, 68, 53, 2
1, 18, 68, 54, 2
1, 18, 68, 54, 2
1, 18, 68, 55, 2
1, 18, 68, 55, 2
1, 18, 68, 62, 2
1, 18, 68, 62, 2
1, 18, 68, 64, 2
1, 18, 68, 64, 2
1, 18, 69, 43, 2
1, 18, 69, 43, 2
1, 18, 69, 49, 2
1, 18, 69, 49, 2
1, 18, 69, 50, 2
1, 18, 69, 50, 2
1, 18, 69, 51, 2
1, 18, 69, 51, 2
1, 18, 69, 54, 2
1, 18, 69, 54, 2
1, 18, 69, 55, 2
1, 18, 69, 55, 2
1, 18, 69, 57, 2
1, 18, 69, 57, 2
1, 18, 69, 63, 2
1, 18, 69, 63, 2
1, 18, 69, 65, 2
1, 18, 69, 65, 2
1, 18, 70, 44, 2
1, 18, 70, 44, 2
1, 18, 70, 50, 2
1, 18, 70, 50, 2
1, 18, 70, 51, 2
1, 18, 70, 51, 2
1, 18, 70, 52, 2
1, 18, 70, 52, 2
1, 18, 70, 55, 2
1, 18, 70, 55, 2
1, 18, 70, 57, 2
1, 18, 70, 57, 2
1, 18, 70, 58, 2
1, 18, 70, 58, 2
1, 18, 70, 64, 2
1, 18, 70, 64, 2
1, 18, 70, 66, 2
1, 18, 70, 66, 2
1, 18, 71, 46, 2
1, 18, 71, 46, 2
1, 18, 71, 51, 2
1, 18, 71, 51, 2
1, 18, 71, 52, 2
1, 18, 71, 52, 2
1, 18, 71, 53, 2
1, 18, 71, 53, 2
1, 18, 71, 57, 2
1, 18, 71, 57, 2
1, 18, 71, 58, 2
1, 18, 71, 58, 2
1, 18, 71, 59, 2
1, 18, 71, 59, 2
1, 18, 71, 65, 2
1, 18, 71, 65, 2
1, 18, 71, 68, 2
1, 18, 71, 68, 2
1, 18, 72, 47, 2
1, 18, 72, 47, 2
1, 18, 72, 52, 2
1, 18, 72, 52, 2
1, 18, 72, 53, 2
1, 18, 72, 53, 2
1, 18, 72, 54, 2
1, 18, 72, 54, 2
1, 18, 72, 58, 2
1, 18, 72, 58, 2
1, 18, 72, 59, 2
1, 18, 72, 59, 2
1, 18, 72, 60, 2
1, 18, 72, 60, 2
1, 18, 72, 66, 2
1, 18, 72, 66, 2
1, 18, 72, 69, 2
1, 18, 72, 69, 2
1, 18, 73, 48, 2
1, 18, 73, 48, 2
1, 18, 73, 53, 2
1, 18, 73, 53, 2
1, 18, 73, 54, 2
1, 18, 73, 54, 2
1, 18, 73, 55, 2
1, 18, 73, 55, 2
1, 18, 73, 59, 2
1, 18, 73, 59, 2
1, 18, 73, 60, 2
1, 18, 73, 60, 2
1, 18, 73, 61, 2
1, 18, 73, 61, 2
1, 18, 73, 68, 2
1, 18, 73, 68, 2
1, 18, 73, 70, 2
1, 18, 73, 70, 2
1, 18, 74, 49, 2
1, 18, 74, 49, 2
1, 18, 74, 54, 2
1, 18, 74, 54, 2
1, 18, 74, 55, 2
1, 18, 74, 55, 2
1, 18, 74, 57, 2
1, 18, 74, 57, 2
1, 18, 74, 60, 2
1, 18, 74, 60, 2
1, 18, 74, 61, 2
1, 18, 74, 61, 2
1, 18, 74, 62, 2
1, 18, 74, 62, 2
1, 18, 74, 69, 2
1, 18, 74, 69, 2
1, 18, 74, 71, 2
1, 18, 74, 71, 2
1, 18, 75, 51, 2
1, 18, 75, 51, 2
1, 18, 75, 57, 2
1, 18, 75, 57, 2
1, 18, 75, 58, 2
1, 18, 75, 58, 2
1, 18, 75, 59, 2
1, 18, 75, 59, 2
1, 18, 75, 62, 2
1, 18, 75, 62, 2
1, 18, 75, 63, 2
1, 18, 75, 63, 2
1, 18, 75, 64, 2
1, 18, 75, 64, 2
1, 18, 75, 71, 2
1, 18, 75, 71, 2
1, 18, 75, 73, 2
1, 18, 75, 73, 2
1, 18, 76, 52, 2
1, 18, 76, 52, 2
1, 18, 76, 58, 2
1, 18, 76, 58, 2
1, 18, 76, 59, 2
1, 18, 76, 59, 2
1, 18, 76, 60, 2
1, 18, 76, 60, 2
1, 18, 76, 63, 2
1, 18, 76, 63, 2
1, 18, 76, 64, 2
1, 18, 76, 64, 2
1, 18, 76, 65, 2
1, 18, 76, 65, 2
1, 18, 76, 72, 2
1, 18, 76, 72, 2
1, 18, 76, 74, 2
1, 18, 76, 74, 2
1, 4, 77, 23, 2
1, 4, 77, 23, 2
1, 4, 77, 45, 2
1, 4, 77, 45, 2
1, 18, 78, 54, 2
1, 18, 78, 54, 2
1, 18, 78, 60, 2
1, 18, 78, 60, 2
1, 18, 78, 61, 2
1, 18, 78, 61, 2
1, 18, 78, 62, 2
1, 18, 78, 62, 2
1, 18, 78, 65, 2
1, 18, 78, 65, 2
1, 18, 78, 66, 2
1, 18, 78, 66, 2
1, 18, 78, 68, 2
1, 18, 78, 68, 2
1, 18, 78, 74, 2
1, 18, 78, 74, 2
1, 18, 78, 75, 2
1, 18, 78, 75, 2
1, 18, 79, 58, 2
1, 18, 79, 58, 2
1, 18, 79, 63, 2
1, 18, 79, 63, 2
1, 18, 79, 64, 2
1, 18, 79, 64, 2
1, 18, 79, 65, 2
1, 18, 79, 65, 2
1, 18, 79, 69, 2
1, 18, 79, 69, 2
1, 18, 79, 70, 2
1, 18, 79, 70, 2
1, 18, 79, 71, 2
1, 18, 79, 71, 2
1, 18, 79, 76, 2
1, 18, 79, 76, 2
1, 18, 79, 78, 2
1, 18, 79, 78, 2
1, 4, 80, 34, 2
1, 4, 80, 34, 2
1, 4, 80, 56, 2
1, 4, 80, 56, 2
2, 1, 0, 6, 2
2, 1, 1, 6, 2
2, 1, 2, 6, 2
2, 1, 3, 6, 2
2, 1, 4, 6, 2
2, 1, 5, 6, 2
2, 6, 6, 0, 2
2, 6, 6, 1, 2
2, 6, 6, 2, 2
2, 6, 6, 3, 2
2, 6, 6, 4, 2
2, 6, 6, 5, 2
3, 1, 0, 6, 2
3, 1, 1, 6, 2
3, 1, 2, 6, 2
3, 1, 3, 6, 2
3, 1, 4, 6, 2
3, 1, 5, 6, 2
3, 6, 6, 0, 2
3, 6, 6, 1, 2
3, 6, 6, 2, 2
3, 6, 6, 3, 2
3, 6, 6, 4, 2
3, 6, 6, 5, 2
4, 1, 0, 6, 2
4, 1, 1, 6, 2
4, 1, 2, 6, 2
4, 1, 3, 6, 2
4, 1, 4, 6, 2
4, 1, 5, 6, 2
4, 6, 6, 0, 2
4, 6, 6, 1, 2
4, 6, 6, 2, 2
4, 6, 6, 3, 2
4, 6, 6, 4, 2
4, 6, 6, 5, 2
5, 1, 0, 6, 2
5, 1, 1, 6, 2
5, 1, 2, 6, 2
5, 1, 3, 6, 2
5, 1, 4, 6, 2
5, 1, 5, 6, 2
5, 6, 6, 0, 2
5, 6, 6, 1, 2
5, 6, 6, 2, 2
5, 6, 6, 3, 2
5, 6, 6, 4, 2
5, 6, 6, 5, 2
6, 1, 0, 6, 2
6, 1, 1, 6, 2
6, 1, 2, 6, 2
6, 1, 3, 6, 2
6, 1, 4, 6, 2
6, 1, 5, 6, 2
6, 6, 6, 0, 2
6, 6, 6, 1, 2
6, 6, 6, 2, 2
6, 6, 6, 3, 2
6, 6, 6, 4, 2
6, 6, 6, 5, 2
7, 1, 0, 6, 2
7, 1, 1, 6, 2
7, 1, 2, 6, 2
7, 1, 3, 6, 2
7, 1, 4, 6, 2
7, 1, 5, 6, 2
7, 6, 6, 0, 2
7, 6, 6, 1, 2
7, 6, 6, 2, 2
7, 6, 6, 3, 2
7, 6, 6, 4, 2
7, 6, 6, 5, 2
Goal
2
3
4
5
6
7
