CG
15
0, 14, 1, 3
0, 14, 2, 3
0, 14, 3, 3
0, 14, 11, 6
0, 14, 12, 5
0, 14, 13, 5
0, 14, 14, 5
0, 14, 4, 21
0, 14, 5, 3
0, 14, 6, 3
0, 14, 7, 3
0, 14, 8, 4
0, 14, 9, 4
0, 14, 10, 4
1, 14, 0, 3
1, 14, 2, 3
1, 14, 3, 3
1, 14, 11, 5
1, 14, 12, 6
1, 14, 13, 5
1, 14, 14, 5
1, 14, 4, 3
1, 14, 5, 21
1, 14, 6, 3
1, 14, 7, 3
1, 14, 8, 4
1, 14, 9, 4
1, 14, 10, 4
2, 14, 0, 3
2, 14, 1, 3
2, 14, 3, 3
2, 14, 11, 5
2, 14, 12, 5
2, 14, 13, 6
2, 14, 14, 5
2, 14, 4, 3
2, 14, 5, 3
2, 14, 6, 21
2, 14, 7, 3
2, 14, 8, 4
2, 14, 9, 4
2, 14, 10, 4
3, 14, 0, 3
3, 14, 1, 3
3, 14, 2, 3
3, 14, 11, 5
3, 14, 12, 5
3, 14, 13, 5
3, 14, 14, 6
3, 14, 4, 3
3, 14, 5, 3
3, 14, 6, 3
3, 14, 7, 21
3, 14, 8, 4
3, 14, 9, 4
3, 14, 10, 4
4, 14, 0, 21
4, 14, 1, 3
4, 14, 2, 3
4, 14, 3, 3
4, 14, 11, 36
4, 14, 12, 5
4, 14, 13, 5
4, 14, 14, 5
4, 14, 5, 13
4, 14, 6, 13
4, 14, 7, 13
4, 14, 8, 14
4, 14, 9, 14
4, 14, 10, 14
5, 14, 0, 3
5, 14, 1, 21
5, 14, 2, 3
5, 14, 3, 3
5, 14, 11, 5
5, 14, 12, 36
5, 14, 13, 5
5, 14, 14, 5
5, 14, 4, 13
5, 14, 6, 13
5, 14, 7, 13
5, 14, 8, 14
5, 14, 9, 14
5, 14, 10, 14
6, 14, 0, 3
6, 14, 1, 3
6, 14, 2, 21
6, 14, 3, 3
6, 14, 11, 5
6, 14, 12, 5
6, 14, 13, 36
6, 14, 14, 5
6, 14, 4, 13
6, 14, 5, 13
6, 14, 7, 13
6, 14, 8, 14
6, 14, 9, 14
6, 14, 10, 14
7, 14, 0, 3
7, 14, 1, 3
7, 14, 2, 3
7, 14, 3, 21
7, 14, 11, 5
7, 14, 12, 5
7, 14, 13, 5
7, 14, 14, 36
7, 14, 4, 13
7, 14, 5, 13
7, 14, 6, 13
7, 14, 8, 14
7, 14, 9, 14
7, 14, 10, 14
8, 14, 0, 3
8, 14, 1, 3
8, 14, 2, 3
8, 14, 3, 3
8, 14, 11, 5
8, 14, 12, 5
8, 14, 13, 5
8, 14, 14, 5
8, 14, 4, 3
8, 14, 5, 3
8, 14, 6, 3
8, 14, 7, 3
8, 14, 9, 4
8, 14, 10, 4
9, 14, 0, 3
9, 14, 1, 3
9, 14, 2, 3
9, 14, 3, 3
9, 14, 11, 5
9, 14, 12, 5
9, 14, 13, 5
9, 14, 14, 5
9, 14, 4, 3
9, 14, 5, 3
9, 14, 6, 3
9, 14, 7, 3
9, 14, 8, 4
9, 14, 10, 4
10, 14, 0, 3
10, 14, 1, 3
10, 14, 2, 3
10, 14, 3, 3
10, 14, 11, 5
10, 14, 12, 5
10, 14, 13, 5
10, 14, 14, 5
10, 14, 4, 3
10, 14, 5, 3
10, 14, 6, 3
10, 14, 7, 3
10, 14, 8, 4
10, 14, 9, 4
11, 8, 0, 21
11, 8, 4, 6
11, 8, 5, 11
11, 8, 6, 11
11, 8, 7, 11
11, 8, 8, 11
11, 8, 9, 11
11, 8, 10, 11
12, 8, 1, 21
12, 8, 4, 11
12, 8, 5, 6
12, 8, 6, 11
12, 8, 7, 11
12, 8, 8, 11
12, 8, 9, 11
12, 8, 10, 11
13, 8, 2, 21
13, 8, 4, 11
13, 8, 5, 11
13, 8, 6, 6
13, 8, 7, 11
13, 8, 8, 11
13, 8, 9, 11
13, 8, 10, 11
14, 8, 3, 21
14, 8, 4, 11
14, 8, 5, 11
14, 8, 6, 11
14, 8, 7, 6
14, 8, 8, 11
14, 8, 9, 11
14, 8, 10, 11
DTG
0, 3, 0, 1, 3
0, 3, 0, 1, 3
0, 3, 0, 1, 3
0, 9, 1, 0, 4
0, 9, 1, 0, 4
0, 9, 1, 0, 4
0, 9, 1, 0, 4
0, 9, 1, 0, 4
0, 9, 1, 0, 4
0, 9, 1, 0, 4
0, 9, 1, 0, 4
0, 9, 1, 0, 4
1, 3, 0, 1, 3
1, 3, 0, 1, 3
1, 3, 0, 1, 3
1, 9, 1, 0, 4
1, 9, 1, 0, 4
1, 9, 1, 0, 4
1, 9, 1, 0, 4
1, 9, 1, 0, 4
1, 9, 1, 0, 4
1, 9, 1, 0, 4
1, 9, 1, 0, 4
1, 9, 1, 0, 4
2, 3, 0, 1, 3
2, 3, 0, 1, 3
2, 3, 0, 1, 3
2, 9, 1, 0, 4
2, 9, 1, 0, 4
2, 9, 1, 0, 4
2, 9, 1, 0, 4
2, 9, 1, 0, 4
2, 9, 1, 0, 4
2, 9, 1, 0, 4
2, 9, 1, 0, 4
2, 9, 1, 0, 4
3, 3, 0, 1, 3
3, 3, 0, 1, 3
3, 3, 0, 1, 3
3, 9, 1, 0, 4
3, 9, 1, 0, 4
3, 9, 1, 0, 4
3, 9, 1, 0, 4
3, 9, 1, 0, 4
3, 9, 1, 0, 4
3, 9, 1, 0, 4
3, 9, 1, 0, 4
3, 9, 1, 0, 4
4, 21, 0, 1, 3
4, 21, 0, 1, 3
4, 21, 0, 1, 3
4, 21, 0, 1, 3
4, 21, 0, 1, 3
4, 21, 0, 1, 3
4, 21, 0, 1, 4
4, 21, 0, 1, 4
4, 21, 0, 1, 4
4, 21, 0, 1, 4
4, 21, 0, 1, 4
4, 21, 0, 1, 4
4, 21, 0, 1, 4
4, 21, 0, 1, 4
4, 21, 0, 1, 4
4, 21, 0, 1, 4
4, 21, 0, 1, 4
4, 21, 0, 1, 4
4, 21, 0, 1, 4
4, 21, 0, 1, 4
4, 21, 0, 1, 4
4, 18, 1, 0, 4
4, 18, 1, 0, 4
4, 18, 1, 0, 4
4, 18, 1, 0, 4
4, 18, 1, 0, 4
4, 18, 1, 0, 4
4, 18, 1, 0, 4
4, 18, 1, 0, 4
4, 18, 1, 0, 4
4, 18, 1, 0, 4
4, 18, 1, 0, 4
4, 18, 1, 0, 4
4, 18, 1, 0, 5
4, 18, 1, 0, 5
4, 18, 1, 0, 5
4, 18, 1, 0, 5
4, 18, 1, 0, 5
4, 18, 1, 0, 5
5, 21, 0, 1, 3
5, 21, 0, 1, 3
5, 21, 0, 1, 3
5, 21, 0, 1, 3
5, 21, 0, 1, 3
5, 21, 0, 1, 3
5, 21, 0, 1, 4
5, 21, 0, 1, 4
5, 21, 0, 1, 4
5, 21, 0, 1, 4
5, 21, 0, 1, 4
5, 21, 0, 1, 4
5, 21, 0, 1, 4
5, 21, 0, 1, 4
5, 21, 0, 1, 4
5, 21, 0, 1, 4
5, 21, 0, 1, 4
5, 21, 0, 1, 4
5, 21, 0, 1, 4
5, 21, 0, 1, 4
5, 21, 0, 1, 4
5, 18, 1, 0, 4
5, 18, 1, 0, 4
5, 18, 1, 0, 4
5, 18, 1, 0, 4
5, 18, 1, 0, 4
5, 18, 1, 0, 4
5, 18, 1, 0, 4
5, 18, 1, 0, 4
5, 18, 1, 0, 4
5, 18, 1, 0, 4
5, 18, 1, 0, 4
5, 18, 1, 0, 4
5, 18, 1, 0, 5
5, 18, 1, 0, 5
5, 18, 1, 0, 5
5, 18, 1, 0, 5
5, 18, 1, 0, 5
5, 18, 1, 0, 5
6, 21, 0, 1, 3
6, 21, 0, 1, 3
6, 21, 0, 1, 3
6, 21, 0, 1, 3
6, 21, 0, 1, 3
6, 21, 0, 1, 3
6, 21, 0, 1, 4
6, 21, 0, 1, 4
6, 21, 0, 1, 4
6, 21, 0, 1, 4
6, 21, 0, 1, 4
6, 21, 0, 1, 4
6, 21, 0, 1, 4
6, 21, 0, 1, 4
6, 21, 0, 1, 4
6, 21, 0, 1, 4
6, 21, 0, 1, 4
6, 21, 0, 1, 4
6, 21, 0, 1, 4
6, 21, 0, 1, 4
6, 21, 0, 1, 4
6, 18, 1, 0, 4
6, 18, 1, 0, 4
6, 18, 1, 0, 4
6, 18, 1, 0, 4
6, 18, 1, 0, 4
6, 18, 1, 0, 4
6, 18, 1, 0, 4
6, 18, 1, 0, 4
6, 18, 1, 0, 4
6, 18, 1, 0, 4
6, 18, 1, 0, 4
6, 18, 1, 0, 4
6, 18, 1, 0, 5
6, 18, 1, 0, 5
6, 18, 1, 0, 5
6, 18, 1, 0, 5
6, 18, 1, 0, 5
6, 18, 1, 0, 5
7, 21, 0, 1, 3
7, 21, 0, 1, 3
7, 21, 0, 1, 3
7, 21, 0, 1, 3
7, 21, 0, 1, 3
7, 21, 0, 1, 3
7, 21, 0, 1, 4
7, 21, 0, 1, 4
7, 21, 0, 1, 4
7, 21, 0, 1, 4
7, 21, 0, 1, 4
7, 21, 0, 1, 4
7, 21, 0, 1, 4
7, 21, 0, 1, 4
7, 21, 0, 1, 4
7, 21, 0, 1, 4
7, 21, 0, 1, 4
7, 21, 0, 1, 4
7, 21, 0, 1, 4
7, 21, 0, 1, 4
7, 21, 0, 1, 4
7, 18, 1, 0, 4
7, 18, 1, 0, 4
7, 18, 1, 0, 4
7, 18, 1, 0, 4
7, 18, 1, 0, 4
7, 18, 1, 0, 4
7, 18, 1, 0, 4
7, 18, 1, 0, 4
7, 18, 1, 0, 4
7, 18, 1, 0, 4
7, 18, 1, 0, 4
7, 18, 1, 0, 4
7, 18, 1, 0, 5
7, 18, 1, 0, 5
7, 18, 1, 0, 5
7, 18, 1, 0, 5
7, 18, 1, 0, 5
7, 18, 1, 0, 5
8, 20, 0, 1, 3
8, 20, 0, 1, 3
8, 20, 0, 1, 3
8, 20, 0, 1, 3
8, 20, 0, 1, 3
8, 20, 0, 1, 3
8, 20, 0, 1, 3
8, 20, 0, 1, 3
8, 20, 0, 1, 3
8, 20, 0, 1, 3
8, 20, 0, 1, 3
8, 20, 0, 1, 3
8, 20, 0, 1, 3
8, 20, 0, 1, 3
8, 20, 0, 1, 3
8, 20, 0, 1, 3
8, 20, 0, 1, 3
8, 20, 0, 1, 3
8, 20, 0, 1, 3
8, 20, 0, 1, 3
8, 24, 1, 0, 4
8, 24, 1, 0, 4
8, 24, 1, 0, 4
8, 24, 1, 0, 4
8, 24, 1, 0, 4
8, 24, 1, 0, 4
8, 24, 1, 0, 4
8, 24, 1, 0, 4
8, 24, 1, 0, 4
8, 24, 1, 0, 4
8, 24, 1, 0, 4
8, 24, 1, 0, 4
8, 24, 1, 0, 5
8, 24, 1, 0, 5
8, 24, 1, 0, 5
8, 24, 1, 0, 5
8, 24, 1, 0, 5
8, 24, 1, 0, 5
8, 24, 1, 0, 5
8, 24, 1, 0, 5
8, 24, 1, 0, 5
8, 24, 1, 0, 5
8, 24, 1, 0, 5
8, 24, 1, 0, 5
9, 20, 0, 1, 3
9, 20, 0, 1, 3
9, 20, 0, 1, 3
9, 20, 0, 1, 3
9, 20, 0, 1, 3
9, 20, 0, 1, 3
9, 20, 0, 1, 3
9, 20, 0, 1, 3
9, 20, 0, 1, 3
9, 20, 0, 1, 3
9, 20, 0, 1, 3
9, 20, 0, 1, 3
9, 20, 0, 1, 3
9, 20, 0, 1, 3
9, 20, 0, 1, 3
9, 20, 0, 1, 3
9, 20, 0, 1, 3
9, 20, 0, 1, 3
9, 20, 0, 1, 3
9, 20, 0, 1, 3
9, 24, 1, 0, 4
9, 24, 1, 0, 4
9, 24, 1, 0, 4
9, 24, 1, 0, 4
9, 24, 1, 0, 4
9, 24, 1, 0, 4
9, 24, 1, 0, 4
9, 24, 1, 0, 4
9, 24, 1, 0, 4
9, 24, 1, 0, 4
9, 24, 1, 0, 4
9, 24, 1, 0, 4
9, 24, 1, 0, 5
9, 24, 1, 0, 5
9, 24, 1, 0, 5
9, 24, 1, 0, 5
9, 24, 1, 0, 5
9, 24, 1, 0, 5
9, 24, 1, 0, 5
9, 24, 1, 0, 5
9, 24, 1, 0, 5
9, 24, 1, 0, 5
9, 24, 1, 0, 5
9, 24, 1, 0, 5
10, 20, 0, 1, 3
10, 20, 0, 1, 3
10, 20, 0, 1, 3
10, 20, 0, 1, 3
10, 20, 0, 1, 3
10, 20, 0, 1, 3
10, 20, 0, 1, 3
10, 20, 0, 1, 3
10, 20, 0, 1, 3
10, 20, 0, 1, 3
10, 20, 0, 1, 3
10, 20, 0, 1, 3
10, 20, 0, 1, 3
10, 20, 0, 1, 3
10, 20, 0, 1, 3
10, 20, 0, 1, 3
10, 20, 0, 1, 3
10, 20, 0, 1, 3
10, 20, 0, 1, 3
10, 20, 0, 1, 3
10, 24, 1, 0, 4
10, 24, 1, 0, 4
10, 24, 1, 0, 4
10, 24, 1, 0, 4
10, 24, 1, 0, 4
10, 24, 1, 0, 4
10, 24, 1, 0, 4
10, 24, 1, 0, 4
10, 24, 1, 0, 4
10, 24, 1, 0, 4
10, 24, 1, 0, 4
10, 24, 1, 0, 4
10, 24, 1, 0, 5
10, 24, 1, 0, 5
10, 24, 1, 0, 5
10, 24, 1, 0, 5
10, 24, 1, 0, 5
10, 24, 1, 0, 5
10, 24, 1, 0, 5
10, 24, 1, 0, 5
10, 24, 1, 0, 5
10, 24, 1, 0, 5
10, 24, 1, 0, 5
10, 24, 1, 0, 5
11, 6, 0, 1, 3
11, 6, 0, 2, 3
11, 6, 0, 3, 3
11, 6, 0, 4, 4
11, 6, 0, 5, 4
11, 6, 0, 6, 4
11, 6, 1, 0, 3
11, 6, 1, 2, 3
11, 6, 1, 3, 3
11, 6, 1, 4, 4
11, 6, 1, 5, 4
11, 6, 1, 6, 4
11, 6, 2, 0, 3
11, 6, 2, 1, 3
11, 6, 2, 3, 3
11, 6, 2, 4, 4
11, 6, 2, 5, 4
11, 6, 2, 6, 4
11, 6, 4, 0, 3
11, 6, 4, 1, 3
11, 6, 4, 2, 3
11, 6, 4, 3, 3
11, 6, 4, 5, 4
11, 6, 4, 6, 4
11, 6, 5, 0, 3
11, 6, 5, 1, 3
11, 6, 5, 2, 3
11, 6, 5, 3, 3
11, 6, 5, 4, 4
11, 6, 5, 6, 4
11, 6, 6, 0, 3
11, 6, 6, 1, 3
11, 6, 6, 2, 3
11, 6, 6, 3, 3
11, 6, 6, 4, 4
11, 6, 6, 5, 4
12, 6, 0, 1, 3
12, 6, 0, 2, 3
12, 6, 0, 3, 4
12, 6, 0, 4, 3
12, 6, 0, 5, 4
12, 6, 0, 6, 4
12, 6, 1, 0, 3
12, 6, 1, 2, 3
12, 6, 1, 3, 4
12, 6, 1, 4, 3
12, 6, 1, 5, 4
12, 6, 1, 6, 4
12, 6, 2, 0, 3
12, 6, 2, 1, 3
12, 6, 2, 3, 4
12, 6, 2, 4, 3
12, 6, 2, 5, 4
12, 6, 2, 6, 4
12, 6, 3, 0, 3
12, 6, 3, 1, 3
12, 6, 3, 2, 3
12, 6, 3, 4, 3
12, 6, 3, 5, 4
12, 6, 3, 6, 4
12, 6, 5, 0, 3
12, 6, 5, 1, 3
12, 6, 5, 2, 3
12, 6, 5, 3, 4
12, 6, 5, 4, 3
12, 6, 5, 6, 4
12, 6, 6, 0, 3
12, 6, 6, 1, 3
12, 6, 6, 2, 3
12, 6, 6, 3, 4
12, 6, 6, 4, 3
12, 6, 6, 5, 4
13, 6, 0, 1, 3
13, 6, 0, 2, 3
13, 6, 0, 3, 4
13, 6, 0, 4, 4
13, 6, 0, 5, 3
13, 6, 0, 6, 4
13, 6, 1, 0, 3
13, 6, 1, 2, 3
13, 6, 1, 3, 4
13, 6, 1, 4, 4
13, 6, 1, 5, 3
13, 6, 1, 6, 4
13, 6, 2, 0, 3
13, 6, 2, 1, 3
13, 6, 2, 3, 4
13, 6, 2, 4, 4
13, 6, 2, 5, 3
13, 6, 2, 6, 4
13, 6, 3, 0, 3
13, 6, 3, 1, 3
13, 6, 3, 2, 3
13, 6, 3, 4, 4
13, 6, 3, 5, 3
13, 6, 3, 6, 4
13, 6, 4, 0, 3
13, 6, 4, 1, 3
13, 6, 4, 2, 3
13, 6, 4, 3, 4
13, 6, 4, 5, 3
13, 6, 4, 6, 4
13, 6, 6, 0, 3
13, 6, 6, 1, 3
13, 6, 6, 2, 3
13, 6, 6, 3, 4
13, 6, 6, 4, 4
13, 6, 6, 5, 3
14, 6, 0, 1, 3
14, 6, 0, 2, 3
14, 6, 0, 3, 4
14, 6, 0, 4, 4
14, 6, 0, 5, 4
14, 6, 0, 6, 3
14, 6, 1, 0, 3
14, 6, 1, 2, 3
14, 6, 1, 3, 4
14, 6, 1, 4, 4
14, 6, 1, 5, 4
14, 6, 1, 6, 3
14, 6, 2, 0, 3
14, 6, 2, 1, 3
14, 6, 2, 3, 4
14, 6, 2, 4, 4
14, 6, 2, 5, 4
14, 6, 2, 6, 3
14, 6, 3, 0, 3
14, 6, 3, 1, 3
14, 6, 3, 2, 3
14, 6, 3, 4, 4
14, 6, 3, 5, 4
14, 6, 3, 6, 3
14, 6, 4, 0, 3
14, 6, 4, 1, 3
14, 6, 4, 2, 3
14, 6, 4, 3, 4
14, 6, 4, 5, 4
14, 6, 4, 6, 3
14, 6, 5, 0, 3
14, 6, 5, 1, 3
14, 6, 5, 2, 3
14, 6, 5, 3, 4
14, 6, 5, 4, 4
14, 6, 5, 6, 3
Goal
11
12
13
14
