CG
35
0, 1, 29, 2
1, 1, 34, 1
2, 1, 29, 3
3, 1, 29, 3
4, 1, 29, 3
5, 1, 29, 3
6, 1, 29, 3
7, 1, 29, 4
8, 1, 29, 4
9, 1, 29, 4
10, 2, 34, 2
10, 2, 11, 2
11, 1, 29, 2
12, 2, 34, 3
12, 2, 16, 3
13, 2, 34, 3
13, 2, 17, 3
14, 2, 34, 3
14, 2, 18, 3
15, 2, 34, 3
15, 2, 19, 3
16, 1, 29, 3
17, 1, 29, 3
18, 1, 29, 3
19, 1, 29, 3
20, 2, 34, 4
20, 2, 26, 4
21, 2, 34, 4
21, 2, 27, 4
22, 2, 34, 4
22, 2, 28, 4
23, 2, 34, 4
23, 2, 30, 4
24, 2, 34, 4
24, 2, 31, 4
25, 2, 34, 4
25, 2, 32, 4
26, 1, 29, 4
27, 1, 29, 4
28, 1, 29, 4
29, 34, 34, 90
29, 34, 2, 3
29, 34, 3, 3
29, 34, 16, 6
29, 34, 0, 2
29, 34, 7, 4
29, 34, 26, 8
29, 34, 27, 8
29, 34, 4, 3
29, 34, 28, 8
29, 34, 30, 8
29, 34, 8, 4
29, 34, 5, 3
29, 34, 31, 8
29, 34, 32, 8
29, 34, 9, 4
29, 34, 17, 6
29, 34, 6, 3
29, 34, 18, 6
29, 34, 19, 6
29, 34, 11, 4
29, 34, 1, 2
29, 34, -1, 3
29, 34, -1, 3
29, 34, -1, 2
29, 34, -1, 4
29, 34, -1, 3
29, 34, -1, 4
29, 34, -1, 3
29, 34, -1, 4
29, 34, -1, 3
29, 34, 33, 50
29, 34, 12, 6
29, 34, 20, 8
29, 34, 21, 8
29, 34, 22, 8
29, 34, 23, 8
29, 34, 24, 8
29, 34, 25, 8
29, 34, 13, 6
29, 34, 14, 6
29, 34, 15, 6
29, 34, 10, 4
30, 1, 29, 4
31, 1, 29, 4
32, 1, 29, 4
33, 33, 34, 50
33, 33, 2, 3
33, 33, 3, 3
33, 33, 16, 3
33, 33, 0, 2
33, 33, 7, 4
33, 33, 26, 4
33, 33, 27, 4
33, 33, 4, 3
33, 33, 28, 4
33, 33, 30, 4
33, 33, 8, 4
33, 33, 5, 3
33, 33, 31, 4
33, 33, 32, 4
33, 33, 9, 4
33, 33, 17, 3
33, 33, 6, 3
33, 33, 18, 3
33, 33, 19, 3
33, 33, 11, 2
33, 33, 1, 2
33, 33, -1, 3
33, 33, -1, 3
33, 33, -1, 2
33, 33, -1, 4
33, 33, -1, 3
33, 33, -1, 4
33, 33, -1, 3
33, 33, -1, 4
33, 33, -1, 3
33, 33, 12, 3
33, 33, 20, 4
33, 33, 21, 4
33, 33, 22, 4
33, 33, 23, 4
33, 33, 24, 4
33, 33, 25, 4
33, 33, 13, 3
33, 33, 14, 3
33, 33, 15, 3
33, 33, 10, 2
34, 23, 16, 3
34, 23, 26, 4
34, 23, 27, 4
34, 23, 28, 4
34, 23, 30, 4
34, 23, 31, 4
34, 23, 32, 4
34, 23, 17, 3
34, 23, 18, 3
34, 23, 19, 3
34, 23, 11, 2
34, 23, 33, 25
34, 23, 12, 3
34, 23, 20, 4
34, 23, 21, 4
34, 23, 22, 4
34, 23, 23, 4
34, 23, 24, 4
34, 23, 25, 4
34, 23, 13, 3
34, 23, 14, 3
34, 23, 15, 3
34, 23, 10, 2
DTG
0, 2, 1, 0, 3
0, 2, 1, 0, 3
1, 2, 0, 1, 3
1, 2, 0, 1, 3
2, 3, 1, 0, 3
2, 3, 1, 0, 3
2, 3, 1, 0, 3
3, 3, 1, 0, 3
3, 3, 1, 0, 3
3, 3, 1, 0, 3
4, 3, 1, 0, 3
4, 3, 1, 0, 3
4, 3, 1, 0, 3
5, 3, 1, 0, 3
5, 3, 1, 0, 3
5, 3, 1, 0, 3
6, 3, 1, 0, 3
6, 3, 1, 0, 3
6, 3, 1, 0, 3
7, 4, 1, 0, 3
7, 4, 1, 0, 3
7, 4, 1, 0, 3
7, 4, 1, 0, 3
8, 4, 1, 0, 3
8, 4, 1, 0, 3
8, 4, 1, 0, 3
8, 4, 1, 0, 3
9, 4, 1, 0, 3
9, 4, 1, 0, 3
9, 4, 1, 0, 3
9, 4, 1, 0, 3
10, 4, 0, 1, 3
10, 4, 0, 1, 3
10, 4, 0, 1, 3
10, 4, 0, 1, 3
11, 4, 1, 0, 3
11, 4, 1, 0, 3
11, 4, 1, 0, 4
11, 4, 1, 0, 4
12, 6, 0, 1, 3
12, 6, 0, 1, 3
12, 6, 0, 1, 3
12, 6, 0, 1, 3
12, 6, 0, 1, 3
12, 6, 0, 1, 3
13, 6, 0, 1, 3
13, 6, 0, 1, 3
13, 6, 0, 1, 3
13, 6, 0, 1, 3
13, 6, 0, 1, 3
13, 6, 0, 1, 3
14, 6, 0, 1, 3
14, 6, 0, 1, 3
14, 6, 0, 1, 3
14, 6, 0, 1, 3
14, 6, 0, 1, 3
14, 6, 0, 1, 3
15, 6, 0, 1, 3
15, 6, 0, 1, 3
15, 6, 0, 1, 3
15, 6, 0, 1, 3
15, 6, 0, 1, 3
15, 6, 0, 1, 3
16, 6, 1, 0, 3
16, 6, 1, 0, 3
16, 6, 1, 0, 3
16, 6, 1, 0, 4
16, 6, 1, 0, 4
16, 6, 1, 0, 4
17, 6, 1, 0, 3
17, 6, 1, 0, 3
17, 6, 1, 0, 3
17, 6, 1, 0, 4
17, 6, 1, 0, 4
17, 6, 1, 0, 4
18, 6, 1, 0, 3
18, 6, 1, 0, 3
18, 6, 1, 0, 3
18, 6, 1, 0, 4
18, 6, 1, 0, 4
18, 6, 1, 0, 4
19, 6, 1, 0, 3
19, 6, 1, 0, 3
19, 6, 1, 0, 3
19, 6, 1, 0, 4
19, 6, 1, 0, 4
19, 6, 1, 0, 4
20, 8, 0, 1, 3
20, 8, 0, 1, 3
20, 8, 0, 1, 3
20, 8, 0, 1, 3
20, 8, 0, 1, 3
20, 8, 0, 1, 3
20, 8, 0, 1, 3
20, 8, 0, 1, 3
21, 8, 0, 1, 3
21, 8, 0, 1, 3
21, 8, 0, 1, 3
21, 8, 0, 1, 3
21, 8, 0, 1, 3
21, 8, 0, 1, 3
21, 8, 0, 1, 3
21, 8, 0, 1, 3
22, 8, 0, 1, 3
22, 8, 0, 1, 3
22, 8, 0, 1, 3
22, 8, 0, 1, 3
22, 8, 0, 1, 3
22, 8, 0, 1, 3
22, 8, 0, 1, 3
22, 8, 0, 1, 3
23, 8, 0, 1, 3
23, 8, 0, 1, 3
23, 8, 0, 1, 3
23, 8, 0, 1, 3
23, 8, 0, 1, 3
23, 8, 0, 1, 3
23, 8, 0, 1, 3
23, 8, 0, 1, 3
24, 8, 0, 1, 3
24, 8, 0, 1, 3
24, 8, 0, 1, 3
24, 8, 0, 1, 3
24, 8, 0, 1, 3
24, 8, 0, 1, 3
24, 8, 0, 1, 3
24, 8, 0, 1, 3
25, 8, 0, 1, 3
25, 8, 0, 1, 3
25, 8, 0, 1, 3
25, 8, 0, 1, 3
25, 8, 0, 1, 3
25, 8, 0, 1, 3
25, 8, 0, 1, 3
25, 8, 0, 1, 3
26, 8, 1, 0, 3
26, 8, 1, 0, 3
26, 8, 1, 0, 3
26, 8, 1, 0, 3
26, 8, 1, 0, 4
26, 8, 1, 0, 4
26, 8, 1, 0, 4
26, 8, 1, 0, 4
27, 8, 1, 0, 3
27, 8, 1, 0, 3
27, 8, 1, 0, 3
27, 8, 1, 0, 3
27, 8, 1, 0, 4
27, 8, 1, 0, 4
27, 8, 1, 0, 4
27, 8, 1, 0, 4
28, 8, 1, 0, 3
28, 8, 1, 0, 3
28, 8, 1, 0, 3
28, 8, 1, 0, 3
28, 8, 1, 0, 4
28, 8, 1, 0, 4
28, 8, 1, 0, 4
28, 8, 1, 0, 4
29, 2, 0, 1, 2
29, 2, 0, 5, 1
29, 3, 1, 0, 1
29, 3, 1, 2, 2
29, 3, 1, 6, 2
29, 3, 2, 1, 2
29, 3, 2, 3, 2
29, 3, 2, 7, 2
29, 3, 3, 2, 2
29, 3, 3, 4, 2
29, 3, 3, 8, 2
29, 2, 4, 3, 2
29, 2, 4, 9, 2
29, 3, 5, 0, 1
29, 3, 5, 6, 2
29, 3, 5, 10, 1
29, 4, 6, 1, 2
29, 4, 6, 5, 1
29, 4, 6, 7, 2
29, 4, 6, 11, 2
29, 4, 7, 2, 2
29, 4, 7, 6, 2
29, 4, 7, 8, 2
29, 4, 7, 12, 2
29, 4, 8, 3, 2
29, 4, 8, 7, 2
29, 4, 8, 9, 2
29, 4, 8, 13, 2
29, 3, 9, 4, 2
29, 3, 9, 8, 2
29, 3, 9, 14, 2
29, 3, 10, 5, 1
29, 3, 10, 11, 2
29, 3, 10, 15, 1
29, 4, 11, 6, 2
29, 4, 11, 10, 1
29, 4, 11, 12, 2
29, 4, 11, 16, 2
29, 4, 12, 7, 2
29, 4, 12, 11, 2
29, 4, 12, 13, 2
29, 4, 12, 17, 2
29, 4, 13, 8, 2
29, 4, 13, 12, 2
29, 4, 13, 14, 2
29, 4, 13, 18, 2
29, 3, 14, 9, 2
29, 3, 14, 13, 2
29, 3, 14, 19, 2
29, 3, 15, 10, 1
29, 3, 15, 16, 2
29, 3, 15, 20, 1
29, 4, 16, 11, 2
29, 4, 16, 15, 1
29, 4, 16, 17, 2
29, 4, 16, 21, 2
29, 4, 17, 12, 2
29, 4, 17, 16, 2
29, 4, 17, 18, 2
29, 4, 17, 22, 2
29, 4, 18, 13, 2
29, 4, 18, 17, 2
29, 4, 18, 19, 2
29, 4, 18, 23, 2
29, 3, 19, 14, 2
29, 3, 19, 18, 2
29, 3, 19, 24, 2
29, 2, 20, 15, 1
29, 2, 20, 21, 2
29, 3, 21, 16, 2
29, 3, 21, 20, 1
29, 3, 21, 22, 2
29, 3, 22, 17, 2
29, 3, 22, 21, 2
29, 3, 22, 23, 2
29, 3, 23, 18, 2
29, 3, 23, 22, 2
29, 3, 23, 24, 2
29, 2, 24, 19, 2
29, 2, 24, 23, 2
30, 8, 1, 0, 3
30, 8, 1, 0, 3
30, 8, 1, 0, 3
30, 8, 1, 0, 3
30, 8, 1, 0, 4
30, 8, 1, 0, 4
30, 8, 1, 0, 4
30, 8, 1, 0, 4
31, 8, 1, 0, 3
31, 8, 1, 0, 3
31, 8, 1, 0, 3
31, 8, 1, 0, 3
31, 8, 1, 0, 4
31, 8, 1, 0, 4
31, 8, 1, 0, 4
31, 8, 1, 0, 4
32, 8, 1, 0, 3
32, 8, 1, 0, 3
32, 8, 1, 0, 3
32, 8, 1, 0, 3
32, 8, 1, 0, 4
32, 8, 1, 0, 4
32, 8, 1, 0, 4
32, 8, 1, 0, 4
33, 25, 0, 1, 2
33, 25, 0, 2, 2
33, 25, 0, 3, 2
33, 25, 0, 4, 2
33, 25, 0, 5, 2
33, 25, 0, 6, 2
33, 25, 0, 7, 2
33, 25, 0, 8, 2
33, 25, 0, 9, 2
33, 25, 0, 10, 2
33, 25, 0, 11, 2
33, 25, 0, 12, 2
33, 25, 0, 13, 2
33, 25, 0, 14, 2
33, 25, 0, 15, 2
33, 25, 0, 16, 2
33, 25, 0, 17, 2
33, 25, 0, 18, 2
33, 25, 0, 19, 2
33, 25, 0, 20, 2
33, 25, 0, 21, 2
33, 25, 0, 22, 2
33, 25, 0, 23, 2
33, 25, 0, 24, 2
33, 25, 0, 25, 2
33, 1, 1, 0, 3
33, 1, 2, 0, 3
33, 1, 3, 0, 3
33, 1, 4, 0, 3
33, 1, 5, 0, 3
33, 1, 6, 0, 3
33, 1, 7, 0, 3
33, 1, 8, 0, 3
33, 1, 9, 0, 3
33, 1, 10, 0, 3
33, 1, 11, 0, 3
33, 1, 12, 0, 3
33, 1, 13, 0, 3
33, 1, 14, 0, 3
33, 1, 15, 0, 3
33, 1, 16, 0, 3
33, 1, 17, 0, 3
33, 1, 18, 0, 3
33, 1, 19, 0, 3
33, 1, 20, 0, 3
33, 1, 21, 0, 3
33, 1, 22, 0, 3
33, 1, 23, 0, 3
33, 1, 24, 0, 3
33, 1, 25, 0, 3
34, 27, 0, 1, 2
34, 27, 0, 2, 3
34, 27, 0, 3, 3
34, 27, 0, 3, 3
34, 27, 0, 3, 3
34, 27, 0, 3, 3
34, 27, 0, 3, 3
34, 27, 0, 3, 3
34, 27, 0, 3, 3
34, 27, 0, 3, 3
34, 27, 0, 3, 3
34, 27, 0, 3, 3
34, 27, 0, 3, 3
34, 27, 0, 3, 3
34, 27, 0, 3, 3
34, 27, 0, 3, 3
34, 27, 0, 3, 3
34, 27, 0, 3, 3
34, 27, 0, 3, 3
34, 27, 0, 3, 3
34, 27, 0, 3, 3
34, 27, 0, 3, 3
34, 27, 0, 3, 3
34, 27, 0, 3, 3
34, 27, 0, 3, 3
34, 27, 0, 3, 3
34, 27, 0, 3, 3
34, 63, 1, 0, 3
34, 63, 1, 0, 3
34, 63, 1, 0, 3
34, 63, 1, 0, 3
34, 63, 1, 0, 3
34, 63, 1, 0, 3
34, 63, 1, 0, 3
34, 63, 1, 0, 3
34, 63, 1, 0, 3
34, 63, 1, 0, 3
34, 63, 1, 0, 3
34, 63, 1, 0, 3
34, 63, 1, 0, 3
34, 63, 1, 0, 3
34, 63, 1, 0, 3
34, 63, 1, 0, 3
34, 63, 1, 0, 3
34, 63, 1, 0, 3
34, 63, 1, 0, 3
34, 63, 1, 0, 3
34, 63, 1, 0, 3
34, 63, 1, 0, 3
34, 63, 1, 0, 3
34, 63, 1, 0, 3
34, 63, 1, 0, 3
34, 63, 1, 0, 3
34, 63, 1, 0, 3
34, 63, 1, 0, 3
34, 63, 1, 0, 3
34, 63, 1, 0, 3
34, 63, 1, 0, 3
34, 63, 1, 0, 3
34, 63, 1, 0, 3
34, 63, 1, 0, 3
34, 63, 1, 0, 3
34, 63, 1, 0, 3
34, 63, 1, 0, 3
34, 63, 1, 0, 3
34, 63, 1, 0, 3
34, 63, 1, 0, 3
34, 63, 1, 0, 3
34, 63, 1, 0, 3
34, 63, 1, 0, 3
34, 63, 1, 0, 3
34, 63, 1, 0, 3
34, 63, 1, 0, 3
34, 63, 1, 0, 3
34, 63, 1, 0, 3
34, 63, 1, 0, 3
34, 63, 1, 0, 3
34, 63, 1, 0, 3
34, 63, 1, 0, 3
34, 63, 1, 0, 3
34, 63, 1, 0, 3
34, 63, 1, 0, 3
34, 63, 1, 0, 3
34, 63, 1, 0, 3
34, 63, 1, 0, 3
34, 63, 1, 0, 3
34, 63, 1, 0, 3
34, 63, 1, 0, 3
34, 63, 1, 0, 3
34, 63, 1, 0, 3
34, 25, 2, 0, 3
34, 25, 2, 0, 3
34, 25, 2, 0, 3
34, 25, 2, 0, 3
34, 25, 2, 0, 3
34, 25, 2, 0, 3
34, 25, 2, 0, 3
34, 25, 2, 0, 3
34, 25, 2, 0, 3
34, 25, 2, 0, 3
34, 25, 2, 0, 3
34, 25, 2, 0, 3
34, 25, 2, 0, 3
34, 25, 2, 0, 3
34, 25, 2, 0, 3
34, 25, 2, 0, 3
34, 25, 2, 0, 3
34, 25, 2, 0, 3
34, 25, 2, 0, 3
34, 25, 2, 0, 3
34, 25, 2, 0, 3
34, 25, 2, 0, 3
34, 25, 2, 0, 3
34, 25, 2, 0, 3
34, 25, 2, 0, 3
34, 25, 3, 0, 3
34, 25, 3, 0, 3
34, 25, 3, 0, 3
34, 25, 3, 0, 3
34, 25, 3, 0, 3
34, 25, 3, 0, 3
34, 25, 3, 0, 3
34, 25, 3, 0, 3
34, 25, 3, 0, 3
34, 25, 3, 0, 3
34, 25, 3, 0, 3
34, 25, 3, 0, 3
34, 25, 3, 0, 3
34, 25, 3, 0, 3
34, 25, 3, 0, 3
34, 25, 3, 0, 3
34, 25, 3, 0, 3
34, 25, 3, 0, 3
34, 25, 3, 0, 3
34, 25, 3, 0, 3
34, 25, 3, 0, 3
34, 25, 3, 0, 3
34, 25, 3, 0, 3
34, 25, 3, 0, 3
34, 25, 3, 0, 3
Goal
34
